Commercial Recreation Tenure (COVID-19 Emergency)
Relief Regulation
Financial Administration Act
Land Act
Tenure
Land Act
Tenure
Land Act
Tenure
Land Act
Tenure
Land Act
Tenure
Land Act
Tenure
6407505
6409060
7404055
7407492
7409834
8005595
6407510
6409098
7404212
7407841
7409835
8006021
6407511
7400408
7404425
7407902
7409840
8006201
6407609
7400410
7404457
7408024
7409847
8006639
6407654
7401045
7404972
7408034
7409933
8009710
6408168
7401054
7405054
7408068
7409949
8009749
6408184
7401169
7405111
7408069
7409998
8010664
6408216
7401301
7405128
7408074
7410085
8010678
6408330
7401489
7405572
7408108
8000260
8011564
6408376
7402190
7405593
7408126
8000952
8011721
6408393
7402326
7405618
7408128
8001327
8013764
6408427
7402816
7405940
7408130
8001420
8014120
6408485
7402847
7406030
7408131
8001807
8014170
6408558
7402906
7406048
7408132
8001867
8014436
6408650
7402951
7406923
7408672
8002141
8014650
6408682
7403069
7407097
7408674
8002799
8015126
6408724
7403232
7407259
7408865
8002980
8015280
6408851
7403286
7407348
7408895
8004614
8015933
6408939
7403351
7407430
7409393
8004791
8015987
6409020
7403394
7407470
7409583
8005195
8016052
6409028
7404001
7407472
7409682
8005299
6409031
7404014
7407488
7409716
8005568
