Commercial Recreation Tenure (COVID-19 Emergency)
Relief Regulation
Financial Administration Act
Land Act
Tenure
Land Act
Tenure
Land Act
Tenure
Land Act
Tenure
Land Act
Tenure
Land Act
Tenure
192579
1402754
1414518
2409378
3408820
4400517
196708
1402852
1414774
2409881
3409100
4400519
196709
1402913
1414822
2409932
3409184
4400558
210041
1404096
1414952
2410110
3409185
4400587
237432
1406030
2401194
2410310
3409205
4400643
246090
1406367
2402410
2410386
3409430
4400655
251730
1407796
2402463
2410581
3409431
4400690
260271
1407845
2402596
2410582
3409453
4400749
261953
1408301
2402784
2410618
3409602
4400767
262512
1408411
2403273
2410677
3409623
4400791
263531
1408986
2404487
2410717
3410026
4400972
272313
1409291
2405521
2410743
3410057
4401094
274182
1409293
2406769
2410759
3410066
4401264
276497
1409299
2407109
2410773
3410067
4401692
276534
1409366
2407110
2410965
3410324
4401860
276796
1409402
2407147
2411519
3410474
4401894
279386
1409677
2407195
2411527
3410476
4401957
280003
1410020
2407315
2411569
3410557
4402022
284950
1412155
2407349
2411588
3410562
4402150
289236
1412386
2407357
2411608
3410621
4402411
293978
1412410
2407485
2411691
3410633
4402540
299183
1412481
2407804
2411744
3410635
4402862
299184
1412542
2407811
2411767
3410640
4403031
301031
1412591
2407818
2411783
3410644
4403097
313676
1412793
2407885
2411785
3410650
4403115
318070
1412829
2408268
2411793
3410675
4403165
318950
1412887
2408504
2411987
3411206
4403175
319974
1412908
2408507
2412027
3411290
4403178
319975
1413026
2408510
2412030
3411444
4403214
331462
1413083
2408512
2412059
3412351
4403216
331503
1413752
2408513
3400528
3412653
4403251
335877
1413851
2408516
3401474
3413179
4403297
336759
1413905
2408517
3402400
3413264
4403351
356730
1414351
2408522
3403700
3413393
4403354
1401542
1414358
2408586
3403765
3413403
4403355
1402242
1414385
2408589
3405858
4400156
4403358
1402379
1414493
2408651
3408443
4400368
4403367
1402629
1414502
2409196
3408461
4400369
4403376
