Enhanced Accident Benefits Regulation
Insurance (Vehicle) Act
Item
Column 1
Age on date of
death in years
Column 2
Factor
1
25 or under
1.0
2
26
1.2
3
27
1.4
4
28
1.6
5
29
1.8
6
30
2.0
7
31
2.2
8
32
2.4
9
33
2.6
10
34
2.8
11
35
3.0
12
36
3.2
13
37
3.4
14
38
3.6
15
39
3.8
16
40
4.0
17
41
4.2
18
42
4.4
19
43
4.6
20
44
4.8
21
45
5.0
22
46
4.8
23
47
4.6
24
48
4.4
25
49
4.2
26
50
4.0
27
51
3.8
28
52
3.6
29
53
3.4
30
54
3.2
31
55
3.0
32
56
2.8
33
57
2.6
34
58
2.4
35
59
2.2
36
60
2.0
37
61
1.8
38
62
1.6
39
63
1.4
40
64
1.2
41
65
1.0
