Mountain Caribou Partnership General Remission Regulation (No. 2)
Financial Administration Act
Item
Coal
licence
131
416995
132
416996
133
416997
134
416998
135
416999
136
417000
137
417015
138
417030
139
417031
140
417032
141
417035
142
417036
143
417037
144
417038
145
417039
146
417040
147
417041
148
417042
149
417043
150
417044
151
417069
152
417070
153
417071
154
417072
155
417073
156
417104
157
417105
158
417106
159
417107
160
417108
161
417109
162
417110
163
417111
164
417112
165
417113
166
417114
167
417115
168
417116
169
417117
170
417118
171
417119
172
417120
173
417121
174
417122
175
417123
176
417124
177
417133
178
417134
179
417135
180
417136
181
417137
182
417138
183
417139
184
417140
185
417145
186
417147
187
417148
188
417151
189
417152
190
417162
191
417163
192
417164
193
417165
194
417166
195
417167
