Mountain Caribou Partnership General Remission Regulation (No. 2)
Financial Administration Act
Item
Coal
licence
1
327215
2
327280
3
327320
4
327359
5
327436
6
327437
7
327449
8
327450
9
327452
10
327501
11
327514
12
327518
13
327521
14
327527
15
327530
16
327601
17
327655
18
327724
19
327726
20
343892
21
347214
22
347215
23
347217
24
379582
25
379584
26
379597
27
379598
28
379600
29
391078
30
391079
31
391080
32
391081
33
394080
34
394086
35
394087
36
394088
37
394089
38
394090
39
394091
40
394092
41
394093
42
394104
43
401629
44
401630
45
405140
46
405144
47
405841
48
409344
49
409348
50
409349
51
409350
52
409351
53
409352
54
409667
55
409669
56
409670
57
409671
58
409672
59
409673
60
409698
61
409699
62
409700
63
409701
64
409702
65
410366
