Pension Benefits Standards Regulation
Pension Benefits Standards Act
Item
Column 1
Prescribed Provision
(Regulation)
Column 2
Administrative Penalty ($)
Corporation or Administrator
Individual other than administrator
1
20 (1)
50 000
10 000
2
25 (1)
50 000
10 000
3
57 (2)
250 000
50 000
4
57 (13)
250 000
50 000
5
57 (14)
250 000
50 000
6
58 (2)
250 000
50 000
7
58 (10)
250 000
50 000
8
58 (11)
250 000
50 000
9
59
250 000
50 000
10
60
250 000
50 000
11
68 (4) (a)
50 000
10 000
12
68 (5)
50 000
10 000
13
74 (3)
250 000
50 000
14
74 (4)
250 000
50 000
15
74 (8)
250 000
50 000
16
74 (9) (b)
250 000
50 000
17
74 (10)
250 000
50 000
18
74 (12)
250 000
50 000
19
74 (14)
250 000
50 000
20
74 (16)
250 000
50 000
21
75 (3)
250 000
50 000
22
80 (2)
250 000
50 000
23
80 (3)
250 000
50 000
24
88 (1)
250 000
50 000
25
89
50 000
10 000
26
90 (1)
50 000
10 000
27
90 (2)
50 000
10 000
28
98 (1)
250 000
50 000
29
98 (2)
250 000
50 000
30
98 (3)
250 000
50 000
31
99 (4)
250 000
50 000
32
100
250 000
50 000
33
102 (1)
250 000
50 000
34
102 (2)
250 000
50 000
35
103 (1)
250 000
50 000
36
103 (2)
250 000
50 000
37
103 (3)
250 000
50 000
38
103 (4)
250 000
50 000
39
103 (5)
250 000
50 000
40
105 (1)
250 000
50 000
41
105 (2)
250 000
50 000
42
105 (3) (b)
250 000
50 000
43
105 (4)
250 000
50 000
44
106 (1)
250 000
50 000
45
106 (2)
250 000
50 000
46
106 (4)
250 000
50 000
47
107 (2)
250 000
50 000
48
115 (1)
250 000
50 000
49
115 (2)
250 000
50 000
50
115 (3)
250 000
50 000
51
116 (4)
250 000
50 000
52
117
250 000
50 000
53
118 (1)
250 000
50 000
54
118 (2)
250 000
50 000
55
118 (3)
250 000
50 000
56
120 (1)
250 000
50 000
57
120 (2)
250 000
50 000
58
121 (1)
250 000
50 000
59
121 (2)
250 000
50 000
60
121 (3)
250 000
50 000
61
121 (4)
250 000
50 000
62
123 (1)
250 000
50 000
63
123 (3)
250 000
50 000
64
124 (1)
250 000
50 000
65
124 (2)
250 000
50 000
66
124 (3) (b)
250 000
50 000
67
124 (4)
250 000
50 000
68
125 (1)
250 000
50 000
69
125 (2)
250 000
50 000
70
125 (3)
250 000
50 000
71
126 (2)
250 000
250 000
72
138 (3)
125 000
25 000
