
"Point in Time" Regulation Content

Assessment Act


Managed Forest Land and Cut Timber Values Regulation

B.C. Reg. 90/2000




SPECIES


ACCESSIBILITY


2016 VALUE of CUT TIMBER by GRADE for VALUATION AREA:
WEST COAST (2)

$ PER CUBIC METRE ($/m
3
)




B


C


D


E


F


G


H


I


J


K


L


M


U


X


Y


UNGRADED





FIR
CLASS 4
167.12
127.49
339.39

226.97

114.29
62.99
43.75



19.27
11.25
3.36
66.83


CLASS 5
163.97
124.34
336.24

223.82

111.14
59.84
40.60



16.12
8.10
1.00
63.68


CLASS 6
160.82
121.19
333.09

220.67

107.99
56.69
37.45



12.97
4.95
1.00
60.53


CEDAR
CLASS 4


286.06

247.14

170.69
119.29
131.21
161.92
123.95
76.25
60.23
36.23
1.00
126.37


CLASS 5


282.91

243.99

167.54
116.14
128.06
158.77
120.80
73.10
57.08
33.08
1.00
123.22


CLASS 6


279.76

240.84

164.39
112.99
124.91
155.62
117.65
69.95
53.93
29.93
1.00
120.07


HEMLOCK
CLASS 4


121.12

89.21

48.07
30.49
28.10



18.87
17.11
17.81
29.56


CLASS 5


117.97

86.06

44.92
27.34
24.95



15.72
13.96
14.66
26.41


CLASS 6


114.82

82.91

41.77
24.19
21.80



12.57
10.81
11.51
23.26


SPRUCE
CLASS 4


430.63
357.45
344.46
235.67
136.16
48.76
24.67



18.71
17.80
16.88
100.41


CLASS 5


427.48
354.30
341.31
232.52
133.01
45.61
21.52



15.56
14.65
13.73
97.26


CLASS 6


424.33
351.15
338.16
229.37
129.86
42.46
18.37



12.41
11.50
10.58
94.11


BALSAM
CLASS 4


121.12

89.21

48.07
30.49
28.10



18.87
17.11
17.81
29.56


CLASS 5


117.97

86.06

44.92
27.34
24.95



15.72
13.96
14.66
26.41


CLASS 6


114.82

82.91

41.77
24.19
21.80



12.57
10.81
11.51
23.26


CYPRESS
CLASS 4


295.91

172.60

82.87
47.82
35.31



16.13
17.11
1.00
50.90


CLASS 5


292.76

169.45

79.72
44.67
32.16



12.98
13.96
1.00
47.75


CLASS 6


289.61

166.30

76.57
41.52
29.01



9.83
10.81
1.00
44.60


PINE
CLASS 4


83.18

68.99

43.34
36.60
28.06



12.03
11.10
9.95
25.88


CLASS 5


80.03

65.84

40.19
33.45
24.91



8.88
7.95
6.80
22.73


CLASS 6


76.88

62.69

37.04
30.30
21.76



5.73
4.80
3.65
19.58


DECIDUOUS
CLASS 4













20.21
1.00
17.96


CLASS 5













17.06
1.00
14.81


CLASS 6













13.91
1.00
11.65


OTHER SPECIES
CLASS 4


121.12

89.21

48.07
30.49
28.10



18.87
17.11
17.81
29.56


CLASS 5


117.97

86.06

44.92
27.34
24.95



15.72
13.96
14.66
26.41


CLASS 6


114.82

82.91

41.77
24.19
21.80



12.57
10.81
11.51
23.26


CHRISTMAS TREES ($/TREE)
CLASS 4














2.50



CLASS 5














2.25



CLASS 6














2.00


