
“Point in Time” Act Content
WORKERS COMPENSATION ACT
[RSBC 2019]  CHAPTER 1




Column 1


Workers Compensation Act

R.S.B.C. 1996, c. 492

section number



Column 2

Current dollar ($) amount


Column 3


Adjusted dollar ($)

amount

on January 1, 2020






3 (5) (c)
138.61
141.19


17 (3) (a) (ii)
364.42
371.21


17 (3) (c)
1 177.65
1 199.60


17 (3) (d)
1 177.65
1 199.60


17 (3) (f) (iii) (B)
364.42
371.21


17 (3) (g)
39 261.04
39 992.98


17 (3) (h) (i)
644.99
657.01


17 (3) (h) (ii)
644.99
657.01


17 (3) (i)
644.99
657.01


17 (13)
2 804.44
2 856.72


18 (1)

487.96

151.46


497.06

154.28



22 (2)
1 802.04
1 835.64


29 (2)
415.79
423.54


33 (5)
1 802.04
1 835.64


35 (5)
248.45
253.08


73 (1)
57 971.53
59 052.28


75 (3)
5 544.38
5 647.74


77 (2)
5 544.38
5 647.74


196 (2)
662 102.49
674 445.93


196.1 (1)
1 065.14
1 085.00


217 (a) (i)

724 644.41

36 232.25


738 153.81

36 907.72



217 (b) (i)

1 449 288.80

72 464.44


1 476 307.60

73 815.38



225 (2) (f.1)
1 065.14
1 085.00

