
"Point in Time" Regulation Content

Pharmaceutical Services Act

Drug Plans Regulation
B.C. Reg. 73/2015





Column 1

Family Net Income ($)


(of registrant and spouse, if any)



Column 2

Family

Deductible ($)


(minister makes

no payment until

family unit pays

this amount)


Column 3


Maximum Family

Co-payment ($)


(after deductible is

paid, minister pays

70% until family

unit pays this

amount)





0.00 — 1 875.00
0.00
25.00


1 875.01 — 3 125.00
0.00
50.00


3 125.01 — 4 375.00
0.00
75.00


4 375.01 — 6 250.00
0.00
100.00


6 250.01 — 8 750.00
0.00
150.00


8 750.01 — 11 250.00
0.00
200.00


11 250.01 — 13 750.00
0.00
250.00


13 750.01 — 15 000.00
0.00
300.00


15 000.01 — 16 250.00
300.00
150.00


16 250.01 — 18 750.00
350.00
175.00


18 750.01 — 21 250.00
400.00
200.00


21 250.01 — 23 750.00
450.00
225.00


23 750.01 — 26 250.00
500.00
250.00


26 250.01 — 28 750.00
550.00
275.00


28 750.01 — 30 000.00
600.00
300.00


30 000.01 — 31 667.00
900.00
300.00


31 667.01 — 35 000.00
1 000.00
350.00


35 000.01 — 38 333.00
1 100.00
375.00


38 333.01 — 41 667.00
1 200.00
400.00


41 667.01 — 45 000.00
1 300.00
450.00


45 000.01 — 48 333.00
1 400.00
475.00


48 333.01 — 51 667.00
1 500.00
500.00


51 667.01 — 55 000.00
1 600.00
550.00


55 000.01 — 58 333.00
1 700.00
575.00


58 333.01 — 61 667.00
1 800.00
600.00


61 667.01 — 65 000.00
1 900.00
650.00


65 000.01 — 70 833.00
2 000.00
675.00


70 833.01 — 79 167.00
2 250.00
750.00


79 167.01 — 87 500.00
2 500.00
850.00


87 500.01 — 95 833.00
2 750.00
925.00


95 833.01 — 108 333.00
3 000.00
1 000.00


108 333.01 — 125 000.00
3 500.00
1 175.00


125 000.01 — 141 667.00
4 000.00
1 350.00


141 667.01 — 158 333.00
4 500.00
1 500.00


158 333.01 — 183 333.00
5 000.00
1 675.00


183 333.01 — 216 667.00
6 000.00
2 000.00


216 667.01 — 250 000.00
7 000.00
2 350.00


250 000.01 — 283 333.00
8 000.00
2 000.00


283 333.01 — 316 667.00
9 000.00
1 000.00


316 667.01 — 999 999 999.00
10 000.00
0.00

