
"Point in Time" Regulation Content

Assessment Act


Managed Forest Land and Cut Timber Values Regulation

B.C. Reg. 90/2000




SPECIES


ACCESSIBILITY



2015 VALUE of CUT TIMBER by GRADE for VALUATION AREA:
MID COAST (3)

$ PER CUBIC METRE ($/m
3
)





B


C


D


E


F


G


H


I


J


K


L


M


U


X


Y


UNGRADED





FIR
CLASS 4
138.96
105.57
317.43

204.67

103.10
51.15
44.54



20.04
8.38
5.68
69.91


CLASS 5
135.85
102.46
314.32

201.56

99.99
48.04
41.43



16.93
5.27
2.57
66.80


CLASS 6
132.75
99.36
311.22

198.46

96.89
44.94
38.33



13.83
2.17
1.00
63.70


CEDAR
CLASS 4


279.42

233.18

150.91
108.11
107.07
149.54
110.04
69.53
45.54
16.38
1.00
118.01


CLASS 5


276.31

230.07

147.80
105.00
103.96
146.43
106.93
66.42
42.43
13.27
1.00
114.90


CLASS 6


273.21

226.97

144.70
101.90
100.86
143.33
103.83
63.32
39.33
10.17
1.00
111.80


HEMLOCK
CLASS 4


111.42

82.83

42.53
24.50
25.30



14.03
13.52
13.34
24.15


CLASS 5


108.31

79.72

39.42
21.39
22.19



10.92
10.41
10.23
21.04


CLASS 6


105.21

76.62

36.32
18.29
19.09



7.82
7.31
7.13
17.94


SPRUCE
CLASS 4


516.86
434.39
414.28
274.20
149.87
55.08
21.13



13.99
13.31
12.99
111.39


CLASS 5


513.75
431.28
411.17
271.09
146.76
51.97
18.02



10.88
10.20
9.88
108.28


CLASS 6


510.65
428.18
408.07
267.99
143.66
48.87
14.92



7.78
7.10
6.78
105.18


BALSAM
CLASS 4


111.42

82.83

42.53
24.50
25.30



14.03
13.52
13.34
24.15


CLASS 5


108.31

79.72

39.42
21.39
22.19



10.92
10.41
10.23
21.04


CLASS 6


105.21

76.62

36.32
18.29
19.09



7.82
7.31
7.13
17.94


CYPRESS
CLASS 4


341.47

219.62

96.84
47.95
38.79



13.23
16.30
1.00
54.60


CLASS 5


338.36

216.51

93.73
44.84
35.68



10.12
13.19
1.00
51.49


CLASS 6


335.26

213.41

90.63
41.74
32.58



7.02
10.09
1.00
48.39


PINE
CLASS 4


49.71

41.84

43.70
31.93
29.83



9.07
7.75
1.00
26.24


CLASS 5


46.60

38.73

40.59
28.82
26.72



5.96
4.64
1.00
23.13


CLASS 6


43.50

35.63

37.49
25.72
23.62



2.86
1.54
1.00
20.03


DECIDUOUS
CLASS 4













14.71
3.48
32.50


CLASS 5













11.61
1.00
29.39


CLASS 6













8.50
1.00
26.29


OTHER SPECIES
CLASS 4


111.42

82.83

42.53
24.50
25.30



14.03
13.52
13.34
24.15


CLASS 5


108.31

79.72

39.42
21.39
22.19



10.92
10.41
10.23
21.04


CLASS 6


105.21

76.62

36.32
18.29
19.09



7.82
7.31
7.13
17.94


CHRISTMAS TREES ($/TREE)
CLASS 4














2.50



CLASS 5














2.25



CLASS 6














2.00


