
“Point in Time” Act Content
WORKERS COMPENSATION ACT
[RSBC 2019]  CHAPTER 1




Column 1


Workers Compensation Act

section number



Column 2

Current dollar ($) amount


Column 3


Adjusted dollar ($) amount

on January 1, 2023






94 (2)
1 142.98
1 221.61


95 (2)
710 488.79
759 368.84


102 (a) (i)

777 601.27

38 880.09


831 098.51

41 554.95



102 (b) (i)

1 555 202.51

77 760.13


1 662 196.99

83 109.85



167
3 009.38
3 216.42


169 (3)
1 263.70
1 350.64


170 (3)
1 263.70
1 350.64


171 (3) (b)
391.05
417.95


171 (4)
42 130.24
45 028.71


172 (4) (b)
391.05
417.95


172 (5)
42 130.24
45 028.71


173 (3)
692.12
739.74


174 (3)
692.12
739.74


175 (3)
692.12
739.74


191 (2) (a)
446.17
476.87


194 (2)
1 933.73
2 066.77


208 (5)
1 933.73
2 066.77


213 (3)
148.74
158.97


225 (1)

523.62

162.53


559.64

173.71



231 (3)
266.61
284.95


236 (1)
5 949.56
6 358.88


236 (2)
5 949.56
6 358.88


251 (2)
62 208.07
66 487.85


349 (2)
5 949.56
6 358.88

