
“Point in Time” Act Content
WORKERS COMPENSATION ACT

[revised as Workers Compensation Act - RSBC2019, c. 1]

[RSBC 1996] CHAPTER 492












January 1, 2011

Dollar

Amount





January 1, 2012

Dollar Amount




3 (5) (c)
121.35

124.86


17 (3) (a) (ii)
319.05

328.29


17 (3) (c)
1,030.98

1,060.84


17 (3) (d)
1,030.98

1,060.84


17 (3) (f) (iii) (B)
319.05

328.29


17 (3) (g)
34,371.71

35,367.14


17 (3) (h) (i)
564.67

581.02


17 (3) (h) (ii)
564.67

581.02


17 (3) (i)
564.67

581.02


17 (13)
2,455.20

2,526.30


18 (1)
427.21

439.58



132.60

136.44


22 (2)
1,577.63

1,623.32


29 (2)
364.02

374.56


33 (5)
1,577.63

1,623.32


35 (5)
217.52

223.82


73 (1)
50,752.12

52,221.94


75 (3)
4,853.92

4,994.49


77 (2)
4,853.92

4,994.49


196 (2)
579,648.26

596,435.35


217 (a) (i)
634,401.59

652,774.38



31,720.11

32,638.75


217 (b) (i)
1,268,803.16

1,305,548.74



63,440.16

65,277.44

