
"Point in Time" Regulation Content

Assessment Act


Managed Forest Land and Cut Timber Values Regulation

B.C. Reg. 90/2000




SPECIES


ACCESSIBILITY


2017 VALUE of CUT TIMBER by GRADE for VALUATION AREA:
SOUTH COAST (1)

$ PER CUBIC METRE ($/m
3
)




B


C


D


E


F


G


H


I


J


K


L


M


U


X


Y


UNGRADED





FIR
CLASS 4
196.67
135.26
388.92

265.75

132.67
74.27
48.06



24.90
14.93
7.40
78.22


CLASS 5
193.48
132.07
385.73

262.56

129.48
71.08
44.87



21.71
11.74
4.21
75.03


CLASS 6
190.30
128.89
382.55

259.38

126.30
67.90
41.69



18.53
8.56
1.03
71.85


CEDAR
CLASS 4


358.49

323.58

214.52
160.67
162.72
204.77
157.37
99.30
78.99
58.41
1.00
163.91


CLASS 5


355.30

320.39

211.33
157.48
159.53
201.58
154.18
96.11
75.80
55.22
1.00
160.72


CLASS 6


352.12

317.21

208.15
154.30
156.35
198.40
151.00
92.93
72.62
52.04
1.00
157.54


HEMLOCK
CLASS 4


141.81

102.90

54.32
30.25
30.17



21.64
20.47
20.00
32.60


CLASS 5


138.62

99.71

51.13
27.06
26.98



18.45
17.28
16.81
29.41


CLASS 6


135.44

96.53

47.95
23.88
23.80



15.27
14.10
13.63
26.23


SPRUCE
CLASS 4


219.95
187.76
152.14
121.17
88.28
39.58
24.14



20.94
20.43
19.19
66.48


CLASS 5


216.76
184.57
148.95
117.98
85.09
36.39
20.95



17.75
17.24
16.00
63.29


CLASS 6


213.58
181.39
145.77
114.80
81.91
33.21
17.77



14.57
14.06
12.82
60.11


BALSAM
CLASS 4


141.81

102.90

54.32
30.25
30.17



21.64
20.47
20.00
32.60


CLASS 5


138.62

99.71

51.13
27.06
26.98



18.45
17.28
16.81
29.41


CLASS 6


135.44

96.53

47.95
23.88
23.80



15.27
14.10
13.63
26.23


CYPRESS
CLASS 4


278.48

164.06

67.60
37.48
25.26



17.64
20.33
1.00
36.73


CLASS 5


275.29

160.87

64.41
34.29
22.07



14.45
17.14
1.00
33.54


CLASS 6


272.11

157.69

61.23
31.11
18.89



11.27
13.96
1.00
30.36


PINE
CLASS 4




66.36

43.10
33.98
31.99



15.97
14.62
15.85
28.66


CLASS 5




63.17

39.91
30.79
28.80



12.78
11.43
12.66
25.47


CLASS 6




59.99

36.73
27.61
25.62



9.60
8.25
9.48
22.29


DECIDUOUS
CLASS 4













31.43
7.86
30.69


CLASS 5













28.25
4.68
27.50


CLASS 6













25.06
1.49
24.32


OTHER SPECIES
CLASS 4


141.81

102.90

54.32
30.25
30.17



21.64
20.47
20.00
32.60


CLASS 5


138.62

99.71

51.13
27.06
26.98



18.45
17.28
16.81
29.41


CLASS 6


135.44

96.53

47.95
23.88
23.80



15.27
14.10
13.63
26.23



CHRISTMAS TREES

($/TREE)

CLASS 4














2.50



CLASS 5














2.25



CLASS 6














2.00


