
"Point in Time" Regulation Content

Assessment Act


Managed Forest Land and Cut Timber Values Regulation

B.C. Reg. 90/2000



SPECIES

ACCESSIBILITY


2013 VALUE of CUT TIMBER by GRADE for VALUATION AREA:
VANCOUVER (1)

$ PER CUBIC METRE ($/m
3
)



B
C
D
E
F
G
H
I
J
K
L
M
U
X
Y
UNGRADED


FIR
CLASS 4
145.17
106.81
370.32

208.84

103.47
48.32
37.83



26.76
17.72
8.66
62.48


CLASS 5
142.15
103.79
367.30

205.82

100.45
45.30
34.81



23.74
14.70
5.64
59.46


CLASS 6
139.12
100.76
364.27

202.79

97.42
42.27
31.78



20.71
11.67
2.61
56.43


CEDAR
CLASS 4


235.84

192.32

132.17
78.37
90.29
120.82
91.41
56.71
29.49
14.57
1.00
93.09


CLASS 5


232.82

189.30

129.15
75.35
87.27
117.80
88.39
53.69
26.47
11.55
1.00
90.07


CLASS 6


229.79

186.27

126.12
72.32
84.24
114.77
85.36
50.66
23.44
8.52
1.00
87.04


HEMLOCK
CLASS 4


115.22

88.34

47.00
33.12
30.31



26.49
26.01
22.43
32.36


CLASS 5


112.20

85.32

43.98
30.10
27.29



23.47
22.99
19.41
29.34


CLASS 6


109.17

82.29

40.95
27.07
24.26



20.44
19.96
16.38
26.31


SPRUCE
CLASS 4


350.57
304.05
227.32
197.20
113.93
43.59
32.38



26.77
24.81
19.55
72.88


CLASS 5


347.55
301.03
224.30
194.18
110.91
40.57
29.36



23.75
21.79
16.53
69.86


CLASS 6


344.52
298.00
221.27
191.15
107.88
37.54
26.33



20.72
18.76
13.50
66.83


BALSAM
CLASS 4


115.22

88.34

47.00
33.12
30.31



26.49
26.01
22.43
32.36


CLASS 5


112.20

85.32

43.98
30.10
27.29



23.47
22.99
19.41
29.34


CLASS 6


109.17

82.29

40.95
27.07
24.26



20.44
19.96
16.38
26.31


CYPRESS
CLASS 4


370.32

238.43
132.33
84.84
68.62



34.73
43.99
43.99
1.00
77.77


CLASS 5


367.30

235.41
129.31
81.82
65.60



31.71
40.97
40.97
1.00
74.75


CLASS 6


364.27

232.38
126.28
78.79
62.57



28.68
37.94
37.94
1.00
71.72


PINE
CLASS 4


33.14

60.41

48.51
34.27
33.92



20.87
14.84
6.47
30.26


CLASS 5


30.12

57.39

45.49
31.25
30.90



17.85
11.82
3.45
27.24


CLASS 6


27.09

54.36

42.46
28.22
27.87



14.82
8.79
1.00
24.21


DECIDUOUS
CLASS 4














29.40
36.87


CLASS 5














26.38
33.85


CLASS 6














23.35
30.82


OTHER SPECIES
CLASS 4


115.22

88.34

47.00
33.12
30.31



26.49
26.01
22.43
32.36


CLASS 5


112.20

85.32

43.98
30.10
27.29



23.47
22.99
19.41
29.34


CLASS 6


109.17

82.29

40.95
27.07
24.26



20.44
19.96
16.38
26.31


CHRISTMAS TREES ($/TREE)
CLASS 4














2.50
2.50


CLASS 5














2.25
2.25


CLASS 6














2.00
2.00

