
"Point in Time" Regulation Content

Assessment Act


Managed Forest Land and Cut Timber Values Regulation

B.C. Reg. 90/2000




SPECIES


ACCESSIBILITY


2016 VALUE of CUT TIMBER by GRADE for VALUATION AREA:
SOUTH COAST (1)

$ PER CUBIC METRE ($/m
3
)




B


C


D


E


F


G


H


I


J


K


L


M


U


X


Y


UNGRADED





FIR
CLASS 4
171.55
131.92
343.82

231.40

118.72
67.42
48.18



23.70
15.68
7.79
71.26


CLASS 5
168.39
128.76
340.66

228.24

115.56
64.26
45.02



20.54
12.52
4.63
68.10


CLASS 6
165.24
125.61
337.51

225.09

112.41
61.11
41.87



17.39
9.37
1.48
64.95


CEDAR
CLASS 4


290.49

251.57

175.12
123.72
135.64
166.35
128.38
80.68
64.66
40.66
1.00
130.80


CLASS 5


287.33

248.41

171.96
120.56
132.48
163.19
125.22
77.52
61.50
37.50
1.00
127.64


CLASS 6


284.18

245.26

168.81
117.41
129.33
160.04
122.07
74.37
58.35
34.35
1.00
124.49


HEMLOCK
CLASS 4


125.55

93.64

52.50
34.92
32.53



23.30
21.54
22.24
33.99


CLASS 5


122.39

90.48

49.34
31.76
29.37



20.14
18.38
19.08
30.83


CLASS 6


119.24

87.33

46.19
28.61
26.22



16.99
15.23
15.93
27.68


SPRUCE
CLASS 4


435.06
361.88
348.89
240.10
140.59
53.19
29.10



23.14
22.23
21.31
104.84


CLASS 5


431.90
358.72
345.73
236.94
137.43
50.03
25.94



19.98
19.07
18.15
101.68


CLASS 6


428.75
355.57
342.58
233.79
134.28
46.88
22.79



16.83
15.92
15.00
98.53


BALSAM
CLASS 4


125.55

93.64

52.50
34.92
32.53



23.30
21.54
22.24
33.99


CLASS 5


122.39

90.48

49.34
31.76
29.37



20.14
18.38
19.08
30.83


CLASS 6


119.24

87.33

46.19
28.61
26.22



16.99
15.23
15.93
27.68


CYPRESS
CLASS 4


300.34

177.03

87.30
52.25
39.74



20.56
21.54
1.00
55.33


CLASS 5


297.18

173.87

84.14
49.09
36.58



17.40
18.38
1.00
52.17


CLASS 6


294.03

170.72

80.99
45.94
33.43



14.25
15.23
1.00
49.02


PINE
CLASS 4


87.61

73.42

47.77
41.03
32.49



16.46
15.53
14.38
30.31


CLASS 5


84.45

70.26

44.61
37.87
29.33



13.30
12.37
11.22
27.15


CLASS 6


81.30

67.11

41.46
34.72
26.18



10.15
9.22
8.07
24.00


DECIDUOUS
CLASS 4













24.64
3.30
22.38


CLASS 5













21.48
1.00
19.23


CLASS 6













18.33
1.00
16.08


OTHER SPECIES
CLASS 4


125.55

93.64

52.50
34.92
32.53



23.30
21.54
22.24
33.99


CLASS 5


122.39

90.48

49.34
31.76
29.37



20.14
18.38
19.08
30.83


CLASS 6


119.24

87.33

46.19
28.61
26.22



16.99
15.23
15.93
27.68


CHRISTMAS TREES ($/TREE)
CLASS 4














2.50



CLASS 5














2.25



CLASS 6














2.00


