
“Point in Time” Act Content
WORKERS COMPENSATION ACT

[revised as Workers Compensation Act - RSBC2019, c. 1]

[RSBC 1996] CHAPTER 492





Column 1



Column 2




Section No.



January 1, 2012

Dollar Amount



Change to



January 1, 2013

Dollar Amount




3 (5) (c)
124.86

126.31


17 (3) (a) (ii)
328.29

332.09


17 (3) (c)
1,060.84

1,073.13


17 (3) (d)
1,060.84

1,073.13


17 (3) (f) (iii) (B)
328.29

332.09


17 (3) (g)
35,367.14

35,777.02


17 (3) (h) (i)
581.02

587.75


17 (3) (h) (ii)
581.02

587.75


17 (3) (i)
581.02

587.75


17 (13)
2,526.30

2,555.58


18 (1)
439.58

444.67



136.44

138.02


22 (2)
1,623.32

1,642.13


29 (2)
374.56

378.90


33 (5)
1,623.32

1,642.13


35 (5)
223.82

226.41


73 (1)
52,221.94

52,827.16


75 (3)
4,994.49

5,052.37


77 (2)
4,994.49

5,052.37


196 (2)
596,435.35

603,347.68


217 (a) (i)
652,774.38

660,339.64



32,638.75

33,017.01


217 (b) (i)
1,305,548.74

1,320,679.27



65,277.44

66,033.97

