
"Point in Time" Regulation Content

Assessment Act


Managed Forest Land and Cut Timber Values Regulation

B.C. Reg. 90/2000



SPECIES
ACCESSIBILITY

2011 VALUE of CUT TIMBER by GRADE for VALUATION AREA:
MID COAST (3)

$ PER CUBIC METRE ($/m
3
)



B
C
D
E
F
G
H
I
J
K
L
M
U
X
Y
UNGRADED


FIR
CLASS 4
156.55
77.89
334.53

219.72

83.17
44.41
27.37



11.78
2.04
1.00
52.49


CLASS 5
153.59
74.93
331.57

216.76

80.21
41.45
24.41



8.82
1.00
1.00
49.53


CLASS 6
150.63
71.97
328.61

213.80

77.25
38.49
21.45



5.86
1.00
1.00
46.57


CEDAR
CLASS 4


268.15

202.64

113.02
69.79
76.87
119.47
83.07
43.35
10.85
1.79
1.00
73.44


CLASS 5


265.19

199.68

110.06
66.83
73.91
116.51
80.11
40.39
7.89
1.00
1.00
70.48


CLASS 6


262.23

196.72

107.10
63.87
70.95
113.55
77.15
37.43
4.93
1.00
1.00
67.52


HEMLOCK
CLASS 4


89.92

67.52

33.18
19.42
16.66



12.19
12.06
9.87
19.33


CLASS 5


86.96

64.56

30.22
16.46
13.70



9.23
9.10
6.91
16.37


CLASS 6


84.00

61.60

27.26
13.50
10.74



6.27
6.14
3.95
13.41


SPRUCE
CLASS 4


359.94
287.99
265.90
177.48
92.21
42.09
22.63



12.86
13.62
5.94
70.82


CLASS 5


356.98
285.03
262.94
174.52
89.25
39.13
19.67



9.90
10.66
2.98
67.86


CLASS 6


354.02
282.07
259.98
171.56
86.29
36.17
16.71



6.94
7.70
1.00
64.90


BALSAM
CLASS 4


89.92

67.52

33.18
19.42
16.66



12.19
12.06
9.88
19.33


CLASS 5


86.96

64.56

30.22
16.46
13.70



9.23
9.10
6.92
16.37


CLASS 6


84.00

61.60

27.26
13.50
10.74



6.27
6.14
3.96
13.41


CYPRESS
CLASS 4


380.33

230.86

125.00
70.04
59.88



25.21
7.04
1.00
81.02


CLASS 5


377.37

227.90

122.04
67.08
56.92



22.25
4.08
1.00
78.06


CLASS 6


374.41

224.94

119.08
64.12
53.96



19.29
1.12
1.00
75.10


PINE
CLASS 4


28.78



27.04
26.98
28.83



4.54
1.00
1.00
24.83


CLASS 5


25.82



24.08
24.02
25.87



1.58
1.00
1.00
21.87


CLASS 6


22.86



21.12
21.06
22.91



1.00
1.00
1.00
18.91


DECIDUOUS
CLASS 4














1.00
14.60


CLASS 5














1.00
11.64


CLASS 6














1.00
8.68


OTHER SPECIES
CLASS 4


89.92

67.52

33.18
19.42
16.66



12.19
12.06
9.87
19.33


CLASS 5


86.96

64.56

30.22
16.46
13.70



9.23
9.10
6.91
16.37


CLASS 6


84.00

61.60

27.26
13.50
10.74



6.27
6.14
3.95
13.41



CHRISTMAS TREES

($/TREE)

CLASS 4














2.50
2.50


CLASS 5














2.25
2.25


CLASS 6














2.00
2.00

