
“Point in Time” Act Content
WORKERS COMPENSATION ACT

[revised as Workers Compensation Act - RSBC2019, c. 1]

[RSBC 1996] CHAPTER 492





Column 1



Column 2




Section No.



January 1, 2016

Dollar Amount



Change to



January 1, 2017

Dollar Amount




3 (5) (c)
131.48

133.44


17 (3) (a) (ii)
345.68

350.83


17 (3) (c)
1 117.04

1 133.74


17 (3) (d)
1 117.04

1 133.74


17 (3) (f) (iii) (B)
345.68

350.83


17 (3) (g)
37 240.90

37 797.17


17 (3) (h) (i)
611.80

620.94


17 (3) (h) (ii)
611.80

620.94


17 (3) (i)
611.80

620.94


17 (13)
2 660.14

2 699.88


18 (1)
462.87

469.77



143.67

145.82


22 (2)
1 709.32

1 734.85


29 (2)
394.40

400.29


33 (5)
1 709.32

1 734.85


35 (5)
235.68

239.19


73 (1)
54 988.67

55 810.03


75 (3)
5 259.10

5 337.66


77 (2)
5 259.10

5 337.66


196 (2)
628 034.57

637 415.60


196.1 (1)
1 010.33

1 025.42


217 (a) (i)
687 358.45

697 625.60



34 367.96

34 881.31


217 (b) (i)
1 374 716.89

1 395 251.19



68 735.85

69 762.56


225 (2) (f.1)
n/a

1 025.42

