
"Point in Time" Regulation Content

Assessment Act


Managed Forest Land and Cut Timber Values Regulation

B.C. Reg. 90/2000



SPECIES
ACCESSIBILITY

VALUE of CUT TIMBER in $ PER CUBIC METRE ($/m
3
)



VALUATION AREA


SKEENA (5)
PRINCE GEORGE (6)
FT. NELSON /PEACE (7)
CARIBOO (8)
SOUTHERN INTERIOR (9)


Grade Code:
Grade Code:
Grade Code:
Grade Code:
Grade Code:


Sawlog
4
6
Sawlog
4
6
Sawlog
4
6
Sawlog
4
6
Sawlog
4
6


FIR
CLASS 4
4.02
2.01
1.00
7.78
3.89
1.00



1.00
1.00
1.00
4.85
2.43
1.00


CLASS 5
1.15
0.57
1.00
4.91
2.45
1.00



1.00
1.00
1.00
1.98
0.99
1.00


CLASS 6
1.00
1.00
1.00
1.84
0.92
1.00



1.00
1.00
1.00
1.00
1.00
1.00


CEDAR
CLASS 4
55.45
27.73
1.00
37.02
18.51
1.00
45.56
22.78
1.00
40.84
20.42
1.00
51.99
26.00
1.00


CLASS 5
52.58
26.29
1.00
34.15
17.08
1.00
42.69
21.35
1.00
37.97
18.99
1.00
49.12
24.56
1.00


CLASS 6
49.51
24.76
1.00
31.08
15.54
1.00
39.62
19.81
1.00
34.90
17.45
1.00
46.05
23.03
1.00


HEMLOCK
CLASS 4
1.00
1.00
1.00
1.00
1.00
1.00
1.00
1.00
1.00
1.00
1.00
1.00
1.00
1.00
1.00


CLASS 5
1.00
1.00
1.00
1.00
1.00
1.00
1.00
1.00
1.00
1.00
1.00
1.00
1.00
1.00
1.00


CLASS 6
1.00
1.00
1.00
1.00
1.00
1.00
1.00
1.00
1.00
1.00
1.00
1.00
1.00
1.00
1.00


SPRUCE
CLASS 4
21.46
10.73
1.00
16.94
8.47
1.00
16.61
8.31
1.00
17.08
8.54
1.00
36.05
18.03
1.00


CLASS 5
18.59
9.30
1.00
14.07
7.03
1.00
13.74
6.87
1.00
14.21
7.11
1.00
33.18
16.59
1.00


CLASS 6
15.52
7.76
1.00
11.00
5.50
1.00
10.67
5.34
1.00
11.14
5.57
1.00
30.11
15.06
1.00


BALSAM
CLASS 4
13.02
6.51
1.00
2.49
1.24
1.00
2.77
1.38
1.00
1.96
0.98
1.00
16.20
8.10
1.00


CLASS 5
10.15
5.08
1.00
1.00
1.00
1.00
1.00
1.00
1.00
1.00
1.00
1.00
13.33
6.67
1.00


CLASS 6
7.08
3.54
1.00
1.00
1.00
1.00
1.00
1.00
1.00
1.00
1.00
1.00
10.26
5.13
1.00


WHITE PINE
CLASS 4
1.00


1.00
1.00
1.00



1.00
1.00
1.00
1.66
0.83
1.00


CLASS 5
1.00


1.00
1.00
1.00



1.00
1.00
1.00
1.00
1.00
1.00


CLASS 6
1.00


1.00
1.00
1.00



1.00
1.00
1.00
1.00
1.00
1.00


LODGEPOLE PINE
CLASS 4
17.39
8.70
1.00
8.66
4.33
1.00
14.69
7.35
1.00
7.67
3.83
1.00
23.32
11.66
1.00


CLASS 5
14.52
7.26
1.00
5.79
2.90
1.00
11.82
5.91
1.00
4.80
2.40
1.00
20.45
10.23
1.00


CLASS 6
11.45
5.73
1.00
2.72
1.36
1.00
8.75
4.38
1.00
1.73
0.86
1.00
17.38
8.69
1.00


YELLOW PINE
CLASS 4



8.73
4.37
1.00



2.17
1.09
1.00
5.97
2.99
1.00


CLASS 5



5.86
2.93
1.00



1.00
1.00
1.00
3.10
1.55
1.00


CLASS 6



2.79
1.40
1.00



1.00
1.00
1.00
1.00
1.00
1.00


LARCH
CLASS 4



2.28
1.14
1.00
3.00
1.50
1.00
1.00
1.00
1.00
6.74
3.37
1.00


CLASS 5



1.00
1.00
1.00
1.00
1.00
1.00
1.00
1.00
1.00
3.87
1.93
1.00


CLASS 6



1.00
1.00
1.00
1.00
1.00
1.00
1.00
1.00
1.00
1.00
1.00
1.00


DECIDUOUS
CLASS 4
10.00
5.00
1.00
10.00
5.00
1.00
10.00
5.00
1.00
10.00
5.00
1.00
10.00
5.00
1.00


CLASS 5
7.50
3.75
1.00
7.50
3.75
1.00
7.50
3.75
1.00
7.50
3.75
1.00
7.50
3.75
1.00


CLASS 6
5.00
2.50
1.00
5.00
2.50
1.00
5.00
2.50
1.00
5.00
2.50
1.00
5.00
2.50
1.00


OTHER SPECIES
CLASS 4
1.00
1.00
1.00
1.00
1.00
1.00
1.00
1.00
1.00
1.00
1.00
1.00
1.00
1.00
1.00


CLASS 5
1.00
1.00
1.00
1.00
1.00
1.00
1.00
1.00
1.00
1.00
1.00
1.00
1.00
1.00
1.00


CLASS 6
1.00
1.00
1.00
1.00
1.00
1.00
1.00
1.00
1.00
1.00
1.00
1.00
1.00
1.00
1.00



CHRISTMAS TREES

($/TREE)

CLASS 4
2.50


2.50


2.50


2.50


2.50




CLASS 5
2.25


2.25


2.25


2.25


2.25




CLASS 6
2.00


2.00


2.00


2.00


2.00



