
Financial Services Authority Act
[SBC 2019] CHAPTER 14



Item

Column 1

Act being amended


Column 2

Provisions





1

Credit Union Incorporation Act
,

R.S.B.C. 1996, c. 82


11 (2) to (5)

14 (2)

15.1 (4) (c), (5) and (6)

15.2 (1) (b) and (2)

16 (2) to (4) and (6) to (8)

17

20 (2) to (4)

21

22 (a)

25.3

26.2

26.3

27.1 (1) (e) and (4)

28.2

28.3

29.1 (1) to (3)

29.3

33.1

33.3 (2) and (3)

39.1 (b)

39.42 (i)

39.71

40 (2) and (3)

44 (8) (b)

64 (8)

65 (4)

69 (2)

74 (2)

76 (9) to (11)

81 (1.1)

85 (1)

90 (2)

92 (3)

93 (1) and (2)

94 (1)

95 (1), (2) and (5)

96

97 (1)

98 (1) and (3)

104



2

Financial Institutions Act
,

R.S.B.C. 1996, c. 141


1 (1) in the definitions of

"extraprovincial insurance

corporation", "insurance company"

and "unaffiliated director"

10.1 (2) (b)

13

15

16

18 (1) and (2)

19 (1) (b)

20 (3) and (4) (a)

21 (1) to (3) and (5)

22 (2)

23

25

26 (1) to (3) and (5) to (8)

28

29 (1)

30

31 (b)

33

47 (2) and (3)

48 (1), in the definition of "connected

party", and (2)

50 (4)

51

58

60 (2)

61

63

64 (1)

67 (2) and (3)

69

76 (2), (3) and (5)

77 (a) (ii)

87 (1) (a)

92

93

96

97 (2)

99 (2), (3) and (5)

101.1

102 (5)

105

107 (1)

109 (2)

117 (2)

118

124 (1) and (2)

125

126.14 (2)

126.15 (1)

126.16 (3)

126.23

126.24

126.27 (2)

126.29

131 (4)

137

138 (2) and (3)

141 (2) (c)

142

143

144 (3)

147

150 (1)

151 (2)

154

160

164 (2) (a) and (3)

166

187 (1), (3) and (6) to (8)

193 (2)

194

197

197.1 (1) (b) (i), (3) and (4)

201 (2) to (8)

203 (3)

206

207 (2) and (3)

208

209 (b) (ii)

214

215.1 (1), (2) (b) and (4) to (9)

217 (1)

226

235 (1) (a), (2) and (3)

236 (1) and (3)

237 (1) to (3) and (6)

238 (1)

238.1

239

240 (1)

241 (2) and (3)

241.1

242 (1) and (3)

242.4 (1), (2), (4) and (5)

243 (4)

244 (2) to (5)

245 (1), (6) and (7)

246

247

248

249 (1) to (2), (7), (9) and (11)

251 (1) and (3)

252 (3)

253.1 (1), (3), (6) to (9), (12), (15)

and (16)

253.2 (2)

253.3

255

262 (f)

265

266 (3) and (4)

268

269

270 (1) and (2)

271 (1) and (4)

274 (1) and (2) (a)

275

276

277

277.1

277.2

278

279

280 (1)

284

285

287

288

289 (3) (f.1) (iii), (p.5) (v), (p.6), (p.7)

and (x), (4.1) and (4.2)


