“Point in Time” Act Content
WORKERS COMPENSATION ACT
[revised as Workers Compensation Act - RSBC2019, c. 1]
[RSBC 1996] CHAPTER 492
Column 1
Workers Compensation Act
section number
Column 2
Current dollar ($) amount
Column 3
Adjusted dollar ($) amount
on January 1, 2019
3 (5) (c)
135.30
138.61
17 (3) (a) (ii)
355.72
364.42
17 (3) (c)
1 149.55
1 177.65
17 (3) (d)
1 149.55
1 177.65
17 (3) (f) (iii) (B)
355.72
364.42
17 (3) (g)
38 324.16
39 261.04
17 (3) (h) (i)
629.60
644.99
17 (3) (h) (ii)
629.60
644.99
17 (3) (i)
629.60
644.99
17 (13)
2 737.52
2 804.44
18 (1)
476.32
147.85
487.96
151.46
22 (2)
1 759.04
1 802.04
29 (2)
405.87
415.79
33 (5)
1 759.04
1 802.04
35 (5)
242.52
248.45
73 (1)
56 588.17
57 971.53
75 (3)
5 412.08
5 544.38
77 (2)
5 412.08
5 544.38
196 (2)
646 302.88
662 102.49
196.1 (1)
1 039.72
1 065.14
217 (a) (i)
707 352.37
35 367.65
724 644.41
36 232.25
217 (b) (i)
1 414 704.73
70 735.24
1 449 288.80
72 464.44
225 (2) (f.1)
1 039.72
1 065.14
