"Point in Time" Regulation Content
Assessment Act
Managed Forest Land and Cut Timber Values Regulation
B.C. Reg. 90/2000
SPECIES
ACCESSIBILITY
2015 VALUE of CUT TIMBER by GRADE for VALUATION AREA:
VANCOUVER (1)
$ PER CUBIC METRE ($/m
3
)
B
C
D
E
F
G
H
I
J
K
L
M
U
X
Y
UNGRADED
FIR
CLASS 4
145.40
112.01
323.87
211.11
109.54
57.59
50.98
26.48
14.82
12.12
76.35
CLASS 5
142.30
108.91
320.77
208.01
106.44
54.49
47.88
23.38
11.72
9.02
73.25
CLASS 6
139.19
105.80
317.66
204.90
103.33
51.38
44.77
20.27
8.61
5.91
70.14
CEDAR
CLASS 4
285.86
239.62
157.35
114.55
113.51
155.98
116.48
75.97
51.98
22.82
1.00
124.45
CLASS 5
282.76
236.52
154.25
111.45
110.41
152.88
113.38
72.87
48.88
19.72
1.00
121.35
CLASS 6
279.65
233.41
151.14
108.34
107.30
149.77
110.27
69.76
45.77
16.61
1.00
118.24
HEMLOCK
CLASS 4
117.86
89.27
48.97
30.94
31.74
20.47
19.96
19.78
30.59
CLASS 5
114.76
86.17
45.87
27.84
28.64
17.37
16.86
16.68
27.49
CLASS 6
111.65
83.06
42.76
24.73
25.53
14.26
13.75
13.57
24.38
SPRUCE
CLASS 4
523.30
440.83
420.72
280.64
156.31
61.52
27.57
20.43
19.75
19.43
117.83
CLASS 5
520.20
437.73
417.62
277.54
153.21
58.42
24.47
17.33
16.65
16.33
114.73
CLASS 6
517.09
434.62
414.51
274.43
150.10
55.31
21.36
14.22
13.54
13.22
111.62
BALSAM
CLASS 4
117.86
89.27
48.97
30.94
31.74
20.47
19.96
19.78
30.59
CLASS 5
114.76
86.17
45.87
27.84
28.64
17.37
16.86
16.68
27.49
CLASS 6
111.65
83.06
42.76
24.73
25.53
14.26
13.75
13.57
24.38
CYPRESS
CLASS 4
347.91
226.06
103.28
54.39
45.23
19.67
22.74
1.00
61.04
CLASS 5
344.81
222.96
100.18
51.29
42.13
16.57
19.64
1.00
57.94
CLASS 6
341.70
219.85
97.07
48.18
39.02
13.46
16.53
1.00
54.83
PINE
CLASS 4
56.15
48.28
50.14
38.37
36.27
15.51
14.19
6.35
32.68
CLASS 5
53.05
45.18
47.04
35.27
33.17
12.41
11.09
3.25
29.58
CLASS 6
49.94
42.07
43.93
32.16
30.06
9.30
7.98
1.00
26.47
DECIDUOUS
CLASS 4
21.15
9.92
19.82
CLASS 5
18.04
6.81
16.71
CLASS 6
14.94
3.70
13.60
OTHER SPECIES
CLASS 4
117.86
89.27
48.97
30.94
31.74
20.47
19.96
19.78
30.59
CLASS 5
114.76
86.17
45.87
27.84
28.64
17.37
16.86
16.68
27.49
CLASS 6
111.65
83.06
42.76
24.73
25.53
14.26
13.75
13.57
24.38
CHRISTMAS TREES ($/TREE)
CLASS 4
2.50
CLASS 5
2.25
CLASS 6
2.00
