"Point in Time" Regulation Content
Assessment Act
Managed Forest Land and Cut Timber Values Regulation
B.C. Reg. 90/2000
SPECIES
ACCESSIBILITY
2017 VALUE of CUT TIMBER by GRADE for VALUATION AREA:
WEST COAST (2)
$ PER CUBIC METRE ($/m
3
)
B
C
D
E
F
G
H
I
J
K
L
M
U
X
Y
UNGRADED
FIR
CLASS 4
192.20
130.79
384.45
261.28
128.20
69.80
43.59
20.43
10.46
2.93
73.75
CLASS 5
189.02
127.61
381.27
258.10
125.02
66.62
40.41
17.25
7.28
1.00
70.57
CLASS 6
185.83
124.42
378.08
254.91
121.83
63.43
37.22
14.06
4.09
1.00
67.38
CEDAR
CLASS 4
354.02
319.11
210.05
156.20
158.25
200.30
152.90
94.83
74.52
53.94
1.00
159.44
CLASS 5
350.84
315.93
206.87
153.02
155.07
197.12
149.72
91.65
71.34
50.76
1.00
156.26
CLASS 6
347.65
312.74
203.68
149.83
151.88
193.93
146.53
88.46
68.15
47.57
1.00
153.07
HEMLOCK
CLASS 4
137.34
98.43
49.85
25.78
25.70
17.17
16.00
15.53
28.13
CLASS 5
134.16
95.25
46.67
22.60
22.52
13.99
12.82
12.35
24.95
CLASS 6
130.97
92.06
43.48
19.41
19.33
10.80
9.63
9.16
21.76
SPRUCE
CLASS 4
215.48
183.29
147.67
116.70
83.81
35.11
19.67
16.47
15.96
14.72
62.01
CLASS 5
212.30
180.11
144.49
113.52
80.63
31.93
16.49
13.29
12.78
11.54
58.83
CLASS 6
209.11
176.92
141.30
110.33
77.44
28.74
13.30
10.10
9.59
8.35
55.64
BALSAM
CLASS 4
137.34
98.43
49.85
25.78
25.70
17.17
16.00
15.53
28.13
CLASS 5
134.16
95.25
46.67
22.60
22.52
13.99
12.82
12.35
24.95
CLASS 6
130.97
92.06
43.48
19.41
19.33
10.80
9.63
9.16
21.76
CYPRESS
CLASS 4
274.01
159.59
63.13
33.01
20.79
13.17
15.86
1.00
32.26
CLASS 5
270.83
156.41
59.95
29.83
17.61
9.99
12.68
1.00
29.08
CLASS 6
267.64
153.22
56.76
26.64
14.42
6.80
9.49
1.00
25.89
PINE
CLASS 4
61.89
38.63
29.51
27.52
11.50
10.15
11.38
24.19
CLASS 5
58.71
35.45
26.33
24.34
8.32
6.97
8.20
21.01
CLASS 6
55.52
32.26
23.14
21.15
5.13
3.78
5.01
17.82
DECIDUOUS
CLASS 4
26.97
3.40
26.22
CLASS 5
23.78
1.00
23.03
CLASS 6
20.60
1.00
19.85
OTHER SPECIES
CLASS 4
137.34
98.43
49.85
25.78
25.70
17.17
16.00
15.53
28.13
CLASS 5
134.16
95.25
46.67
22.60
22.52
13.99
12.82
12.35
24.95
CLASS 6
130.97
92.06
43.48
19.41
19.33
10.80
9.63
9.16
21.76
CHRISTMAS TREES
($/TREE)
CLASS 4
2.50
CLASS 5
2.25
CLASS 6
2.00
