"Point in Time" Regulation Content
Assessment Act
Managed Forest Land and Cut Timber Values Regulation
B.C. Reg. 90/2000
SPECIES
ACCESSIBILITY
2013 VALUE of CUT TIMBER by GRADE for VALUATION AREA:
MID COAST (3)
$ PER CUBIC METRE ($/m
3
)
B
C
D
E
F
G
H
I
J
K
L
M
U
X
Y
UNGRADED
FIR
CLASS 4
138.91
100.55
364.06
202.58
97.21
42.06
31.57
20.50
11.46
2.40
56.22
CLASS 5
135.89
97.53
361.04
199.56
94.19
39.04
28.55
17.48
8.44
1.00
53.20
CLASS 6
132.87
94.51
358.02
196.54
91.17
36.02
25.53
14.46
5.42
1.00
50.18
CEDAR
CLASS 4
229.58
186.06
125.91
72.11
84.03
114.56
85.15
50.45
23.23
8.31
1.00
86.83
CLASS 5
226.56
183.04
122.89
69.09
81.01
111.54
82.13
47.43
20.21
5.29
1.00
83.81
CLASS 6
223.54
180.02
119.87
66.07
77.99
108.52
79.11
44.41
17.19
2.27
1.00
80.79
HEMLOCK
CLASS 4
108.96
82.08
40.74
26.86
24.05
20.23
19.75
16.17
26.10
CLASS 5
105.94
79.06
37.72
23.84
21.03
17.21
16.73
13.15
23.08
CLASS 6
102.92
76.04
34.70
20.82
18.01
14.19
13.71
10.13
20.06
SPRUCE
CLASS 4
344.31
297.79
221.06
190.94
107.67
37.33
26.12
20.51
18.55
13.29
66.62
CLASS 5
341.29
294.77
218.04
187.92
104.65
34.31
23.10
17.49
15.53
10.27
63.60
CLASS 6
338.27
291.75
215.02
184.90
101.63
31.29
20.08
14.47
12.51
7.25
60.58
BALSAM
CLASS 4
108.96
82.08
40.74
26.86
24.05
20.23
19.75
16.17
26.10
CLASS 5
105.94
79.06
37.72
23.84
21.03
17.21
16.73
13.15
23.08
CLASS 6
102.92
76.04
34.70
20.82
18.01
14.19
13.71
10.13
20.06
CYPRESS
CLASS 4
364.06
232.17
126.07
78.58
62.36
28.47
37.73
1.00
71.51
CLASS 5
361.04
229.15
123.05
75.56
59.34
25.45
34.71
1.00
68.49
CLASS 6
358.02
226.13
120.03
72.54
56.32
22.43
31.69
1.00
65.47
PINE
CLASS 4
26.88
54.15
42.25
28.01
27.66
14.61
8.58
1.00
24.00
CLASS 5
23.86
51.13
39.23
24.99
24.64
11.59
5.56
1.00
20.98
CLASS 6
20.84
48.11
36.21
21.97
21.62
8.57
2.54
1.00
17.96
DECIDUOUS
CLASS 4
23.14
30.61
CLASS 5
20.12
27.59
CLASS 6
17.10
24.57
OTHER SPECIES
CLASS 4
108.96
82.08
40.74
26.86
24.05
20.23
19.75
16.17
26.10
CLASS 5
105.94
79.06
37.72
23.84
21.03
17.21
16.73
13.15
23.08
CLASS 6
102.92
76.04
34.70
20.82
18.01
14.19
13.71
10.13
20.06
CHRISTMAS TREES ($/TREE)
CLASS 4
2.50
2.50
CLASS 6
2.25
2.25
CLASS 6
2.00
2.00
