"Point in Time" Regulation Content
Assessment Act
Managed Forest Land and Cut Timber Values Regulation
B.C. Reg. 90/2000
SPECIES
ACCESSIBILITY
2013 VALUE of CUT TIMBER in $ PER CUBIC METRE ($/m
3
)
VALUATION AREA
SKEENA (5)
PRINCE GEORGE (6)
FT. NELSON/PEACE (7)
CARIBOO (8)
SOUTHERN INTERIOR (9)
Grade Code:
Grade Code:
Grade Code:
Grade Code:
Grade Code:
Sawlog
4
6
Sawlog
4
6
Sawlog
4
6
Sawlog
4
6
Sawlog
4
6
FIR
CLASS 4
6.05
3.03
1.00
4.04
2.02
1.00
7.26
3.63
1.00
CLASS 5
3.06
1.53
1.00
1.05
1.00
1.00
4.27
2.14
1.00
CLASS 6
1.00
1.00
1.00
1.00
1.00
1.00
1.06
1.00
1.00
CEDAR
CLASS 4
49.83
24.92
1.00
31.10
15.55
1.00
35.36
17.68
1.00
45.59
22.80
1.00
CLASS 5
55.86
27.93
1.00
28.11
14.05
1.00
32.37
16.18
1.00
42.60
21.30
1.00
CLASS 6
52.78
26.39
1.00
24.90
12.45
1.00
29.16
14.58
1.00
39.39
19.70
1.00
HEMLOCK
CLASS 4
7.48
3.74
1.00
1.00
1.00
1.00
1.00
1.00
1.00
1.00
1.00
1.00
CLASS 5
4.48
2.24
1.00
1.00
1.00
1.00
1.00
1.00
1.00
1.00
1.00
1.00
CLASS 6
1.28
0.64
1.00
1.00
1.00
1.00
1.00
1.00
1.00
1.00
1.00
1.00
SPRUCE
CLASS 4
25.62
12.81
1.00
20.97
10.49
1.00
18.13
9.07
1.00
23.88
11.94
1.00
41.50
20.75
1.00
CLASS 5
22.62
11.31
1.00
17.98
8.99
1.00
15.14
7.57
1.00
20.88
10.44
1.00
38.51
19.25
1.00
CLASS 6
19.42
9.71
1.00
14.77
7.39
1.00
11.93
5.97
1.00
17.68
8.84
1.00
35.30
17.65
1.00
BALSAM
CLASS 4
26.48
13.24
1.00
11.26
5.63
1.00
9.11
4.56
1.00
12.41
6.20
1.00
27.58
13.79
1.00
CLASS 5
23.49
11.74
1.00
8.27
4.14
1.00
6.12
3.06
1.00
9.41
4.71
1.00
24.59
12.29
1.00
CLASS 6
20.28
10.14
1.00
5.06
2.53
1.00
2.91
1.46
1.00
6.21
3.10
1.00
21.38
10.69
1.00
WHITE PINE
CLASS 4
1.00
1.00
1.00
1.00
1.00
1.00
6.28
3.14
1.00
CLASS 5
1.00
1.00
1.00
1.00
1.00
1.00
3.29
1.65
1.00
CLASS 6
1.00
1.00
1.00
1.00
1.00
1.00
1.00
1.00
1.00
LODGEPOLE PINE
CLASS 4
22.62
11.31
1.00
13.35
6.67
1.00
17.23
8.61
1.00
14.31
7.16
1.00
29.62
14.81
1.00
CLASS 5
19.63
9.82
1.00
10.35
5.18
1.00
14.24
7.12
1.00
11.32
5.66
1.00
26.63
13.31
1.00
CLASS 6
16.42
8.21
1.00
7.15
3.57
1.00
11.03
5.51
1.00
8.11
4.06
1.00
23.42
11.71
1.00
YELLOW PINE
CLASS 4
1.00
1.00
1.00
11.20
5.60
1.00
CLASS 5
1.00
1.00
1.00
8.21
4.11
1.00
CLASS 6
1.00
1.00
1.00
5.00
2.50
1.00
LARCH
CLASS 4
1.00
1.00
1.00
1.00
1.00
1.00
6.12
3.06
1.00
CLASS 5
1.00
1.00
1.00
1.00
1.00
1.00
3.13
1.56
1.00
CLASS 6
1.00
1.00
1.00
1.00
1.00
1.00
1.00
1.00
1.00
DECIDUOUS
CLASS 4
10.00
5.00
1.00
10.00
5.00
1.00
10.00
5.00
1.00
10.00
5.00
1.00
10.00
5.00
1.00
CLASS 5
7.50
3.75
1.00
7.50
3.75
1.00
7.50
3.75
1.00
7.50
3.75
1.00
7.50
3.75
1.00
CLASS 6
5.00
2.50
1.00
5.00
2.50
1.00
5.00
2.50
1.00
5.00
2.50
1.00
5.00
2.50
1.00
OTHER SPECIES
CLASS 4
7.48
3.74
1.00
1.00
1.00
1.00
1.00
1.00
1.00
1.00
1.00
1.00
CLASS 5
4.48
2.24
1.00
1.00
1.00
1.00
1.00
1.00
1.00
1.00
1.00
1.00
CLASS 6
1.28
0.64
1.00
1.00
1.00
1.00
1.00
1.00
1.00
1.00
1.00
1.00
CHRISTMAS TREES ($/TREE)
CLASS 4
2.50
2.50
2.50
2.50
2.50
CLASS 5
2.25
2.25
2.25
2.25
2.25
CLASS 6
2.00
2.00
2.00
2.00
2.00
