"Point in Time" Regulation Content
Assessment Act
Managed Forest Land and Cut Timber Values Regulation
B.C. Reg. 90/2000
SPECIES
ACCESSIBILITY
2011 VALUE of CUT TIMBER by GRADE for VALUATION AREA:
VANCOUVER (1)
$ PER CUBIC METRE ($/m
3
)
B
C
D
E
F
G
H
I
J
K
L
M
U
X
Y
UNGRADED
FIR
CLASS 4
162.69
84.03
340.67
225.86
89.31
50.55
33.51
17.92
8.18
1.00
58.63
CLASS 5
159.73
81.07
337.71
222.90
86.35
47.59
30.55
14.96
5.22
1.00
55.67
CLASS 6
156.77
78.11
334.75
219.94
83.39
44.63
27.59
12.00
2.26
1.00
52.71
CEDAR
CLASS 4
274.29
208.78
119.16
75.93
83.01
125.61
89.21
49.49
16.99
7.93
1.00
79.58
CLASS 5
271.33
205.82
116.20
72.97
80.05
122.65
86.25
46.53
14.03
4.97
1.00
76.62
CLASS 6
268.37
202.86
113.24
70.01
77.09
119.69
83.29
43.57
11.07
2.01
1.00
73.66
HEMLOCK
CLASS 4
96.06
73.66
39.32
25.56
22.80
18.33
18.20
16.01
25.47
CLASS 5
93.10
70.70
36.36
22.60
19.84
15.37
15.24
13.05
22.51
CLASS 6
90.14
67.74
33.40
19.64
16.88
12.41
12.28
10.09
19.55
SPRUCE
CLASS 4
366.08
294.13
272.04
183.62
98.35
48.23
28.77
19.00
19.76
12.08
76.96
CLASS 5
363.12
291.17
269.08
180.66
95.39
45.27
25.81
16.04
16.80
9.12
74.00
CLASS 6
360.16
288.21
266.12
177.70
92.43
42.31
22.85
13.08
13.84
6.16
71.04
BALSAM
CLASS 4
96.06
73.66
39.32
25.56
22.80
18.33
18.20
16.02
25.47
CLASS 5
93.10
70.70
36.36
22.60
19.84
15.37
15.24
13.06
22.51
CLASS 6
90.14
67.74
33.40
19.64
16.88
12.41
12.28
10.10
19.55
CYPRESS
CLASS 4
386.47
237.00
131.14
76.18
66.02
31.35
13.18
1.00
87.16
CLASS 5
383.51
234.04
128.18
73.22
63.06
28.39
10.22
1.00
84.20
CLASS 6
380.55
231.08
125.22
70.26
60.10
25.43
7.26
1.00
81.24
PINE
CLASS 4
34.92
33.18
33.12
34.97
10.68
1.00
1.00
30.97
CLASS 5
31.96
30.22
30.16
32.01
7.72
1.00
1.00
28.01
CLASS 6
29.00
27.26
27.20
29.05
4.76
1.00
1.00
25.05
DECIDUOUS
CLASS 4
3.28
20.74
CLASS 5
1.00
17.78
CLASS 6
1.00
14.82
OTHER SPECIES
CLASS 4
96.06
73.66
39.32
25.56
22.80
18.33
18.20
16.01
25.47
CLASS 5
93.10
70.70
36.36
22.60
19.84
15.37
15.24
13.05
22.51
CLASS 6
90.14
67.74
33.40
19.64
16.88
12.41
12.28
10.09
19.55
CHRISTMAS TREES
($/TREE)
CLASS 4
2.50
2.50
CLASS 5
2.25
2.25
CLASS 6
2.00
2.00
