"Point in Time" Regulation Content
Assessment Act
Managed Forest Land and Cut Timber Values Regulation
B.C. Reg. 90/2000
TOPOGRAPHY
ACCESSIBILITY
SOIL QUALITY
LAND VALUES in $/HECTARE ($/ha)
VALUATION AREA
VANCOUVER
(1)
WEST COAST
(2)
MID COAST
(3)
NORTH COAST
(4)
SKEENA
(5)
PRINCE GEORGE
(6)
F. NELSON / PEACE
(7)
CARIBOO
(8)
SOUTHERN INTERIOR
(9)
CLASS 1
CLASS 4
GOOD
4,010
2,770
2,040
1,220
580
560
470
370
1,170
MEDIUM
2,540
1,660
1,240
740
460
380
330
250
780
POOR
1,260
910
680
410
250
200
150
140
440
CLASS 5
GOOD
2,860
2,220
1,630
980
480
470
390
310
980
MEDIUM
1,810
1,330
990
590
390
310
280
210
650
POOR
900
730
550
330
210
160
120
120
370
CLASS 6
GOOD
2,150
1,660
1,220
730
390
370
310
250
780
MEDIUM
1,360
1,000
740
450
310
250
220
170
520
POOR
680
550
410
250
170
130
100
90
290
CLASS 2
CLASS 4
GOOD
3,210
2,220
1,630
980
450
390
330
260
900
MEDIUM
2,030
1,330
990
590
360
260
230
170
600
POOR
1,010
730
550
330
190
140
100
100
340
CLASS 5
GOOD
2,290
1,780
1,310
780
370
330
270
220
750
MEDIUM
1,450
1,060
790
470
300
220
190
140
500
POOR
720
580
440
260
160
110
80
80
280
CLASS 6
GOOD
1,720
1,330
980
590
300
260
220
170
600
MEDIUM
1,090
800
590
360
240
180
150
120
400
POOR
540
440
330
200
130
90
70
70
230
CLASS 3
CLASS 4
GOOD
2,410
1,660
1,220
730
310
220
190
150
630
MEDIUM
1,520
1,000
740
450
250
150
130
100
420
POOR
760
550
410
250
130
80
60
60
240
CLASS 5
GOOD
1,720
1,330
980
590
260
190
160
120
530
MEDIUM
1,090
800
590
360
210
130
110
80
350
POOR
540
440
330
200
110
70
50
50
200
CLASS 6
GOOD
1,290
1,000
730
440
210
150
130
100
420
MEDIUM
820
600
450
270
170
100
90
70
280
POOR
410
330
250
150
90
50
40
40
160
ALL
ALL
INOPERABLE
210
170
130
80
50
30
20
20
80
ALL
ALL
NON-PRODUCTIVE
10
10
10
10
10
10
10
10
10
