“Point in Time” Act Content
WORKERS COMPENSATION ACT
[RSBC 2019]  CHAPTER 1
Column 1
Workers Compensation Act
section number
Column 2
Current dollar ($) amount
Column 3
Adjusted dollar ($) amount
on January 1, 2022
94 (2)
1 092.15
1 142.98
95 (2)
678 889.57
710 488.79
102 (a) (i)
743 017.20
37 150.89
777 601.27
38 880.09
102 (b) (i)
1 486 034.37
74 301.72
1 555 202.51
77 760.13
167
2 875.54
3 009.38
169 (3)
1 207.50
1 263.70
170 (3)
1 207.50
1 263.70
171 (3) (b)
373.66
391.05
171 (4)
40 256.48
42 130.24
172 (4) (b)
373.66
391.05
172 (5)
40 256.48
42 130.24
173 (3)
661.34
692.12
174 (3)
661.34
692.12
175 (3)
661.34
692.12
191 (2) (a)
426.33
446.17
194 (2)
1 847.73
1 933.73
208 (5)
1 847.73
1 933.73
213 (3)
142.12
148.74
225 (1)
500.33
155.30
523.62
162.53
231 (3)
254.75
266.61
236 (1)
5 684.95
5 949.56
236 (2)
5 684.95
5 949.56
251 (2)
59 441.35
62 208.07
349 (2)
5 684.95
5 949.56
