“Point in Time” Act Content
WORKERS COMPENSATION ACT
[revised as Workers Compensation Act - RSBC2019, c. 1]
[RSBC 1996] CHAPTER 492
Column 1
Column 2
Section No.
January 1, 2014
Dollar Amount
Change to
January 1, 2015
Dollar Amount
3 (5) (c)
127.13
130.13
17 (3) (a) (ii)
334.27
342.15
17 (3) (c)
1 080.16
1 105.63
17 (3) (d)
1 080.16
1 105.63
17 (3) (f) (iii) (B)
334.27
342.15
17 (3) (g)
36 011.24
36 860.29
17 (3) (h) (i)
591.60
605.55
17 (3) (h) (ii)
591.60
605.55
17 (3) (i)
591.60
605.55
17 (13)
2 572.31
2 632.96
18 (1)
447.59
458.14
138.92
142.20
22 (2)
1 652.88
1 691.85
29 (2)
381.38
390.37
33 (5)
1 652.88
1 691.85
35 (5)
227.90
233.27
73 (1)
53 173.00
54 426.67
75 (3)
5 085.45
5 205.35
77 (2)
5 085.45
5 205.35
196 (2)
607 297.58
621 615.98
217 (a) (i)
664 662.65
680 333.56
33 233.16
34 016.71
217 (b) (i)
1 329 325.28
1 360 667.10
66 466.27
68 033.36
