
“Point in Time” Act Content
WORKERS COMPENSATION ACT

[revised as Workers Compensation Act - RSBC2019, c. 1]

[RSBC 1996] CHAPTER 492




Column 1


Workers Compensation Act

section number



Column 2

Current dollar ($) amount


Column 3


Adjusted dollar ($) amount

on January 1, 2018






3 (5) (c)
133.44
135.30


17 (3) (a) (ii)
350.83
355.72


17 (3) (c)
1 133.74
1 149.55


17 (3) (d)
1 133.74
1 149.55


17 (3) (f) (iii) (B)
350.83
355.72


17 (3) (g)
37 797.17
38 324.16


17 (3) (h) (i)
620.94
629.60


17 (3) (h) (ii)
620.94
629.60


17 (3) (i)
620.94
629.60


17 (13)
2 699.88
2 737.52


18 (1)

469.77

145.82


476.32

147.85



22 (2)
1 734.85
1 759.04


29 (2)
400.29
405.87


33 (5)
1 734.85
1 759.04


35 (5)
239.19
242.52


73 (1)
55 810.03
56 588.17


75 (3)
5 337.66
5 412.08


77 (2)
5 337.66
5 412.08


196 (2)
637 415.60
646 302.88


196.1 (1)
1 025.42
1 039.72


217 (a) (i)

697 625.60

34 881.31


707 352.37

35 367.65



217 (b) (i)

1 395 251.19

69 762.56


1 414 704.73

70 735.24



225 (2) (f.1)
1 025.42
1 039.72

