
"Point in Time" Regulation Content

Assessment Act


Managed Forest Land and Cut Timber Values Regulation

B.C. Reg. 90/2000




SPECIES


ACCESSIBILITY



2015 VALUE of CUT TIMBER by GRADE for VALUATION AREA:
WEST COAST (2)

$ PER CUBIC METRE ($/m
3
)





B


C


D


E


F


G


H


I


J


K


L


M


U


X


Y


UNGRADED





FIR
CLASS 4
141.05
107.66
319.52

206.76

105.19
53.24
46.63



22.13
10.47
7.77
71.99


CLASS 5
137.94
104.55
316.41

203.65

102.08
50.13
43.52



19.02
7.36
4.66
68.88


CLASS 6
134.83
101.44
313.30

200.54

98.97
47.02
40.41



15.91
4.25
1.55
65.78


CEDAR
CLASS 4


281.50

235.26

152.99
110.19
109.15
151.62
112.12
71.61
47.62
18.46
1.00
120.09


CLASS 5


278.39

232.15

149.88
107.08
106.04
148.51
109.01
68.50
44.51
15.35
1.00
116.98


CLASS 6


275.29

229.05

146.78
103.98
102.94
145.41
105.91
65.40
41.41
12.25
1.00
113.88


HEMLOCK
CLASS 4


113.50

84.91

44.61
26.58
27.38



16.11
15.60
15.42
26.23


CLASS 5


110.39

81.80

41.50
23.47
24.27



13.00
12.49
12.31
23.12


CLASS 6


107.29

78.70

38.40
20.37
21.17



9.90
9.39
9.21
20.02


SPRUCE
CLASS 4


518.94
436.47
416.36
276.28
151.95
57.16
23.21



16.07
15.39
15.07
113.47


CLASS 5


515.83
433.36
413.25
273.17
148.84
54.05
20.10



12.96
12.28
11.96
110.36


CLASS 6


512.73
430.26
410.15
270.07
145.74
50.95
17.00



9.86
9.18
8.86
107.26


BALSAM
CLASS 4


113.50

84.91

44.61
26.58
27.38



16.11
15.60
15.42
26.23


CLASS 5


110.39

81.80

41.50
23.47
24.27



13.00
12.49
12.31
23.12


CLASS 6


107.29

78.70

38.40
20.37
21.17



9.90
9.39
9.21
20.02


CYPRESS
CLASS 4


343.55

221.70

98.92
50.03
40.87



15.31
18.38
1.00
56.68


CLASS 5


340.44

218.59

95.81
46.92
37.76



12.20
15.27
1.00
53.57


CLASS 6


337.34

215.49

92.71
43.82
34.66



9.10
12.17
1.00
50.47


PINE
CLASS 4


51.79

43.92

45.78
34.01
31.91



11.15
9.83
1.99
28.32


CLASS 5


48.68

40.81

42.67
30.90
28.80



8.04
6.72
1.00
25.21


CLASS 6


45.58

37.71

39.57
27.80
25.70



4.94
3.62
1.00
22.11


DECIDUOUS
CLASS 4













16.79
5.56
34.58


CLASS 5













13.68
2.45
31.47


CLASS 6













10.58
1.00
28.37


OTHER SPECIES
CLASS 4


113.50

84.91

44.61
26.58
27.38



16.11
15.60
15.42
26.23


CLASS 5


110.39

81.80

41.50
23.47
24.27



13.00
12.49
12.31
23.12


CLASS 6


107.29

78.70

38.40
20.37
21.17



9.90
9.39
9.21
20.02


CHRISTMAS TREES ($/TREE)
CLASS 4














2.50



CLASS 5














2.25



CLASS 6














2.00


