
"Point in Time" Regulation Content

Energy Efficiency Act


Energy Efficiency Standards Regulation

B.C. Reg. 389/93

Energy Efficiency Act





Rated

Power




Open Motors

Number of Poles




Enclosed Motors

Number of Poles







(hp)


(kW)


2


4


6


2


4


6



1
0.75
77.0
85.5
82.5
77.0
85.5
82.5


1.5
1.1
84.0
86.5
86.5
84.0
86.5
87.5


2
1.5
85.5
86.5
87.5
85.5
86.5
88.5


3
2.2
85.5
89.5
88.5
86.5
89.5
89.5


-
3.0
86.5
89.5
89.5
88.5
89.5
89.5


5
3.7
86.5
89.5
89.5
88.5
89.5
89.5


-
4.0
86.5
89.5
89.5
88.5
89.5
89.5


7.5
5.5
88.5
91.0
90.2
89.5
91.7
91.0


10
7.5
89.5
91.7
91.7
90.2
91.7
91.0


15
11
90.2
93.0
91.7
91.0
92.4
91.7


20
15
91.0
93.0
92.4
91.0
93.0
91.7


25
19
91.7
93.6
93.0
91.7
93.6
93.0


30
22
91.7
94.1
93.6
91.7
93.6
93.0


40
30
92.4
94.1
94.1
92.4
94.1
94.1


50
37
93.0
94.5
94.1
93.0
94.5
94.1


60
45
93.6
95.0
94.5
93.6
95.0
94.5


75
55
93.6
95.0
94.5
93.6
95.4
94.5


100
75
93.6
95.4
95.0
94.1
95.4
95.0


125
90
94.1
95.4
95.0
95.0
95.4
95.0


150
110
94.1
95.8
95.4
95.0
95.8
95.8


-
132
95.0
95.8
95.4
95.4
96.2
95.8


200
150
95.0
95.8
95.4
95.4
96.2
95.8

