
"Point in Time" Regulation Content

Assessment Act


Managed Forest Land and Cut Timber Values Regulation

B.C. Reg. 90/2000



SPECIES
ACCESSIBILITY

2013 VALUE of CUT TIMBER by GRADE for VALUATION AREA:
NORTH COAST (4)

$ PER CUBIC METRE ($/m
3
)



B
C
D
E
F
G
H
I
J
K
L
M
U
X
Y
UNGRADED


FIR
CLASS 4
134.83
96.47
359.98

198.50

93.13
37.98
27.49



16.42
7.38
1.00
52.14


CLASS 5
131.81
93.45
356.96

195.48

90.11
34.96
24.47



13.40
4.36
1.00
49.12


CLASS 6
128.79
90.43
353.94

192.46

87.09
31.94
21.45



10.38
1.34
1.00
46.10


CEDAR
CLASS 4


225.50

181.98

121.83
68.03
79.95
110.48
81.07
46.37
19.15
4.23
1.00
82.75


CLASS 5


222.48

178.96

118.81
65.01
76.93
107.46
78.05
43.35
16.13
1.21
1.00
79.73


CLASS 6


219.46

175.94

115.79
61.99
73.91
104.44
75.03
40.33
13.11
1.00
1.00
76.71


HEMLOCK
CLASS 4


104.88

78.00

36.66
22.78
19.97



16.15
15.67
12.09
22.02


CLASS 5


101.86

74.98

33.64
19.76
16.95



13.13
12.65
9.07
19.00


CLASS 6


98.84

71.96

30.62
16.74
13.93



10.11
9.63
6.05
15.98


SPRUCE
CLASS 4


340.23
293.71
216.98
186.86
103.59
33.25
22.04



16.43
14.47
9.21
62.54


CLASS 5


337.21
290.69
213.96
183.84
100.57
30.23
19.02



13.41
11.45
6.19
59.52


CLASS 6


334.19
287.67
210.94
180.82
97.55
27.21
16.00



10.39
8.43
3.17
56.50


BALSAM
CLASS 4


104.88

78.00

36.66
22.78
19.97



16.15
15.67
12.09
22.02


CLASS 5


101.86

74.98

33.64
19.76
16.95



13.13
12.65
9.07
19.00


CLASS 6


98.84

71.96

30.62
16.74
13.93



10.11
9.63
6.05
15.98


CYPRESS
CLASS 4


359.98

228.09

121.99
74.50
58.28



24.39
33.65
1.00
67.43


CLASS 5


356.96

225.07

118.97
71.48
55.26



21.37
30.63
1.00
64.41


CLASS 6


353.94

222.05

115.95
68.46
52.24



18.35
27.61
1.00
61.39


PINE
CLASS 4


22.80

50.07

38.17
23.93
23.58



10.53
4.50
1.00
19.92


CLASS 5


19.78

47.05

35.15
20.91
20.56



7.51
1.48
1.00
16.90


CLASS 6


16.76

44.03

32.13
17.89
17.54



4.49
1.00
1.00
13.88


DECIDUOUS
CLASS 4














19.06
26.53


CLASS 5














16.04
23.51


CLASS 6














13.02
20.49


OTHER SPECIES
CLASS 4


104.88

78.00

36.66
22.78
19.97



16.15
15.67
12.09
22.02


CLASS 5


101.86

74.98

33.64
19.76
16.95



13.13
12.65
9.07
19.00


CLASS 6


98.84

71.96

30.62
16.74
13.93



10.11
9.63
6.05
15.98


CHRISTMAS TREES ($/TREE)
CLASS 4














2.50
2.50


CLASS 5














2.25
2.25


CLASS 6














2.00
2.00

