
"Point in Time" Regulation Content

Assessment Act


Managed Forest Land and Cut Timber Values Regulation

B.C. Reg. 90/2000




SPECIES


ACCESSIBILITY



2014 VALUE of CUT TIMBER by GRADE for VALUATION AREA:
WEST COAST (2)

$ PER CUBIC METRE ($/m
3
)





B


C


D


E


F


G


H


I


J


K


L


M


U


X


Y


UNGRADED





FIR
CLASS 4
159.71
103.25
312.01

215.46

91.99
41.41
32.24



15.92
10.06
3.74
63.60


CLASS 5
156.60
100.14
308.90

212.35

88.88
38.30
29.13



12.81
6.95
1.00
60.49


CLASS 6
153.49
97.03
305.79

209.24

85.77
35.19
26.02



9.70
3.84
1.00
57.38


CEDAR
CLASS 4


250.86

228.27

145.13
96.97
87.17
140.39
108.98
68.98
30.99
13.30
1.00
109.85


CLASS 5


247.75

225.16

142.02
93.86
84.06
137.28
105.87
65.87
27.88
10.19
1.00
106.74


CLASS 6


244.64

222.05

138.91
90.75
80.95
134.17
102.76
62.76
24.77
7.08
1.00
103.63


HEMLOCK
CLASS 4


110.84

79.70

38.38
23.89
23.05



15.02
15.57
14.99
22.85


CLASS 5


107.73

76.59

35.27
20.78
19.94



11.91
12.46
11.88
19.74


CLASS 6


104.62

73.48

32.16
17.67
16.83



8.80
9.35
8.77
16.63


SPRUCE
CLASS 4


436.36
385.86
284.29
256.11
146.16
43.50
16.60



15.95
15.64
14.29
69.52


CLASS 5


433.25
382.75
281.18
253.00
143.05
40.39
13.49



12.84
12.53
11.18
66.41


CLASS 6


430.14
379.64
278.07
249.89
139.94
37.28
10.38



9.73
9.42
8.07
63.30


BALSAM
CLASS 4


110.84

79.70

38.38
23.89
23.05



15.02
15.57
14.99
22.85


CLASS 5


107.73

76.59

35.27
20.78
19.94



11.91
12.46
11.88
19.74


CLASS 6


104.62

73.48

32.16
17.67
16.83



8.80
9.35
8.77
16.63


CYPRESS
CLASS 4


400.73

246.43

127.53
78.20
60.90



28.81
32.68
1.00
80.49


CLASS 5


397.62

243.32

124.42
75.09
57.79



25.70
29.57
1.00
77.38


CLASS 6


394.51

240.21

121.31
71.98
54.68



22.59
26.46
1.00
74.27


PINE
CLASS 4


67.81

56.60

41.81
32.59
26.77



9.99
7.01
3.85
24.54


CLASS 5


64.70

53.49

38.70
29.48
23.66



6.88
3.90
1.00
21.43


CLASS 6


61.59

50.38

35.59
26.37
20.55



3.77
1.00
1.00
18.32


DECIDUOUS
CLASS 4














32.08
38.42


CLASS 5














28.97
35.31


CLASS 6














25.86
32.20


OTHER SPECIES
CLASS 4


110.84

79.70

38.38
23.89
23.05



15.02
15.57
14.99
22.85


CLASS 5


107.73

76.59

35.27
20.78
19.94



11.91
12.46
11.88
19.74


CLASS 6


104.62

73.48

32.16
17.67
16.83



8.80
9.35
8.77
16.63


CHRISTMAS TREES ($/TREE)
CLASS 4















2.50


CLASS 5















2.25


CLASS 6















2.00

