
"Point in Time" Regulation Content

Assessment Act


Managed Forest Land and Cut Timber Values Regulation

B.C. Reg. 90/2000




SPECIES


ACCESSIBILITY



2015 VALUE of CUT TIMBER by GRADE for VALUATION AREA:
NORTH COAST (4)

$ PER CUBIC METRE ($/m
3
)





B


C


D


E


F


G


H


I


J


K


L


M


U


X


Y


UNGRADED





FIR
CLASS 4
134.77
101.38
313.24

200.48

98.91
46.96
40.35



15.85
4.19
1.49
65.72


CLASS 5
131.66
98.27
310.13

197.37

95.80
43.85
37.24



12.74
1.08
1.00
62.61


CLASS 6
128.55
95.16
307.02

194.26

92.69
40.74
34.13



9.63
1.00
1.00
59.50


CEDAR
CLASS 4


275.23

228.99

146.72
103.92
102.88
145.35
105.85
65.34
41.35
12.19
1.00
113.82


CLASS 5


272.12

225.88

143.61
100.81
99.77
142.24
102.74
62.23
38.24
9.08
1.00
110.71


CLASS 6


269.01

222.77

140.50
97.70
96.66
139.13
99.63
59.12
35.13
5.97
1.00
107.60


HEMLOCK
CLASS 4


107.23

78.64

38.34
20.31
21.11



9.84
9.33
9.15
19.96


CLASS 5


104.12

75.53

35.23
17.20
18.00



6.73
6.22
6.04
16.85


CLASS 6


101.01

72.42

32.12
14.09
14.89



3.62
3.11
2.93
13.74


SPRUCE
CLASS 4


512.67
430.20
410.09
270.01
145.68
50.89
16.94



9.80
9.12
8.80
107.20


CLASS 5


509.56
427.09
406.98
266.90
142.57
47.78
13.83



6.69
6.01
5.69
104.09


CLASS 6


506.45
423.98
403.87
263.79
139.46
44.67
10.72



3.58
2.90
2.58
100.98


BALSAM
CLASS 4


107.23

78.64

38.34
20.31
21.11



9.84
9.33
9.15
19.96


CLASS 5


104.12

75.53

35.23
17.20
18.00



6.73
6.22
6.04
16.85


CLASS 6


101.01

72.42

32.12
14.09
14.89



3.62
3.11
2.93
13.74


CYPRESS
CLASS 4


337.28

215.43

92.65
43.76
34.60



9.04
12.11
1.00
50.41


CLASS 5


334.17

212.32

89.54
40.65
31.49



5.93
9.00
1.00
47.30


CLASS 6


331.06

209.21

86.43
37.54
28.38



2.82
5.89
1.00
44.19


PINE
CLASS 4


45.52

37.65

39.51
27.74
25.64



4.88
3.56
1.00
22.05


CLASS 5


42.41

34.54

36.40
24.63
22.53



1.77
1.00
1.00
18.94


CLASS 6


39.30

31.43

33.29
21.52
19.42



1.00
1.00
1.00
15.83


DECIDUOUS
CLASS 4













10.52
1.00
28.31


CLASS 5













7.41
1.00
25.20


CLASS 6













4.31
1.00
22.09


OTHER SPECIES
CLASS 4


107.23

78.64

38.34
20.31
21.11



9.84
9.33
9.15
19.96


CLASS 5


104.12

75.53

35.23
17.20
18.00



6.73
6.22
6.04
16.85


CLASS 6


101.01

72.42

32.12
14.09
14.89



3.62
3.11
2.93
13.74


CHRISTMAS TREES ($/TREE)
CLASS 4














2.50



CLASS 5














2.25



CLASS 6














2.00


