
“Point in Time” Act Content
WORKERS COMPENSATION ACT
[RSBC 2019]  CHAPTER 1




Column 1


Workers Compensation Act

R.S.B.C. 2019, c. 1

section number



Column 2

Current dollar ($) amount


Column 3


Adjusted dollar ($)

amount for 2020






94 (2)
1 065.14
1 085.00


95 (2)
662 102.49
674 445.93


102 (a) (i)

724 644.41

36 232.25


738 153.81

36 907.72



102 (b) (i)

1 449 288.80

72 464.44


1 476 307.60

73 815.38



167
2 804.44
2 856.72


169 (3)
1 177.65
1 199.60


170 (3)
1 177.65
1 199.60


171 (3) (b)
364.42
371.21


171 (4)
39 261.04
39 992.98


172 (4) (b)
364.42
371.21


172 (5)
39 261.04
39 992.98


173 (3)
644.99
657.01


174 (3)
644.99
657.01


175 (3)
644.99
657.01


191 (2) (a)
415.79
423.54


194 (2)
1 802.04
1 835.64


208 (5)
1 802.04
1 835.64


213 (3)
138.61
141.19


225 (1)

487.96

151.46


497.06

154.28



231 (3)
248.45
253.08


236 (1)
5 544.38
5 647.74


236 (2)
5 544.38
5 647.74


251 (2)
57 971.53
59 052.28


349 (2)
5 544.38
5 647.74

