
"Point in Time" Regulation Content

Assessment Act


Managed Forest Land and Cut Timber Values Regulation

B.C. Reg. 90/2000




SPECIES


ACCESSIBILITY



2014 VALUE of CUT TIMBER by GRADE for VALUATION AREA:
NORTH COAST (4)

$ PER CUBIC METRE ($/m
3
)





B


C


D


E


F


G


H


I


J


K


L


M


U


X


Y


UNGRADED





FIR
CLASS 4
153.44
96.98
305.74

209.19

85.72
35.14
25.97



9.65
3.79
1.00
57.33


CLASS 5
150.33
93.87
302.63

206.08

82.61
32.03
22.86



6.54
1.00
1.00
54.22


CLASS 6
147.22
90.76
299.52

202.97

79.50
28.92
19.75



3.43
1.00
1.00
51.11


CEDAR
CLASS 4


244.59

222.00

138.86
90.70
80.90
134.12
102.71
62.71
24.72
7.03
1.00
103.58


CLASS 5


241.48

218.89

135.75
87.59
77.79
131.01
99.60
59.60
21.61
3.92
1.00
100.47


CLASS 6


238.37

215.78

132.64
84.48
74.68
127.90
96.49
56.49
18.50
1.00
1.00
97.36


HEMLOCK
CLASS 4


104.57

73.43

32.11
17.62
16.78



8.75
9.30
8.72
16.58


CLASS 5


101.46

70.32

29.00
14.51
13.67



5.64
6.19
5.61
13.47


CLASS 6


98.35

67.21

25.89
11.40
10.56



2.53
3.08
2.50
10.36


SPRUCE
CLASS 4


430.09
379.59
278.02
249.84
139.89
37.23
10.33



9.68
9.37
8.02
63.25


CLASS 5


426.98
376.48
274.91
246.73
136.78
34.12
7.22



6.57
6.26
4.91
60.14


CLASS 6


423.87
373.37
271.80
243.62
133.67
31.01
4.11



3.46
3.15
1.80
57.03


BALSAM
CLASS 4


104.57

73.43

32.11
17.62
16.78



8.75
9.30
8.72
16.58


CLASS 5


101.46

70.32

29.00
14.51
13.67



5.64
6.19
5.61
13.47


CLASS 6


98.35

67.21

25.89
11.40
10.56



2.53
3.08
2.50
10.36


CYPRESS
CLASS 4


394.46

240.16

121.26
71.93
54.63



22.54
26.41
1.00
74.22


CLASS 5


391.35

237.05

118.15
68.82
51.52



19.43
23.30
1.00
71.11


CLASS 6


388.24

233.94

115.04
65.71
48.41



16.32
20.19
1.00
68.00


PINE
CLASS 4


61.54

50.33

35.54
26.32
20.50



3.72
1.00
1.00
18.27


CLASS 5


58.43

47.22

32.43
23.21
17.39



1.00
1.00
1.00
15.16


CLASS 6


55.32

44.11

29.32
20.10
14.28



1.00
1.00
1.00
12.05


DECIDUOUS
CLASS 4














25.81
32.15


CLASS 5














22.70
29.04


CLASS 6














19.59
25.93


OTHER SPECIES
CLASS 4


104.57

73.43

32.11
17.62
16.78



8.75
9.30
8.72
16.58


CLASS 5


101.46

70.32

29.00
14.51
13.67



5.64
6.19
5.61
13.47


CLASS 6


98.35

67.21

25.89
11.40
10.56



2.53
3.08
2.50
10.36


CHRISTMAS TREES ($/TREE)
CLASS 4















2.50


CLASS 5















2.25


CLASS 6















2.00

