
"Point in Time" Regulation Content

Assessment Act


Managed Forest Land and Cut Timber Values Regulation

B.C. Reg. 90/2000



SPECIES
ACCESSIBILITY

2011 VALUE of CUT TIMBER by GRADE for VALUATION AREA:
NORTH COAST (4)

$ PER CUBIC METRE ($/m
3
)



B
C
D
E
F
G
H
I
J
K
L
M
U
X
Y
UNGRADED


FIR
CLASS 4
152.56
73.90
330.54

215.73

79.18
40.42
23.38



7.79
1.00
1.00
48.50


CLASS 5
149.59
70.93
327.57

212.76

76.21
37.45
20.41



4.82
1.00
1.00
45.53


CLASS 6
146.63
67.97
324.61

209.80

73.25
34.49
17.45



1.86
1.00
1.00
42.57


CEDAR
CLASS 4


264.16

198.65

109.03
65.80
72.88
115.48
79.08
39.36
6.86
1.00
1.00
69.45


CLASS 5


261.19

195.68

106.06
62.83
69.91
112.51
76.11
36.39
3.89
1.00
1.00
66.48


CLASS 6


258.23

192.72

103.10
59.87
66.95
109.55
73.15
33.43
1.00
1.00
1.00
63.52


HEMLOCK
CLASS 4


85.93

63.53

29.19
15.43
12.67



8.20
8.07
5.88
15.34


CLASS 5


82.96

60.56

26.22
12.46
9.70



5.23
5.10
2.91
12.37


CLASS 6


80.00

57.60

23.26
9.50
6.74



2.27
2.14
1.00
9.41


SPRUCE
CLASS 4


355.95
284.00
261.91
173.49
88.22
38.10
18.64



8.87
9.63
1.95
66.83


CLASS 5


352.98
281.03
258.94
170.52
85.25
35.13
15.67



5.90
6.66
1.00
63.86


CLASS 6


350.02
278.07
255.98
167.56
82.29
32.17
12.71



2.94
3.70
1.00
60.90


BALSAM
CLASS 4


85.93

63.53

29.19
15.43
12.67



8.20
8.07
5.89
15.34


CLASS 5


82.96

60.56

26.22
12.46
9.70



5.23
5.10
2.92
12.37


CLASS 6


80.00

57.60

23.26
9.50
6.74



2.27
2.14
1.00
9.41


CYPRESS
CLASS 4


376.34

226.87

121.01
66.05
55.89



21.22
3.05
1.00
77.03


CLASS 5


373.37

223.90

118.04
63.08
52.92



18.25
1.00
1.00
74.06


CLASS 6


370.41

220.94

115.08
60.12
49.96



15.29
1.00
1.00
71.10


PINE
CLASS 4


24.79



23.05
22.99
24.84



1.00
1.00
1.00
20.84


CLASS 5


21.82



20.08
20.02
21.87



1.00
1.00
1.00
17.87


CLASS 6


18.86



17.12
17.06
18.91



1.00
1.00
1.00
14.91


DECIDUOUS
CLASS 4














1.00
10.61


CLASS 5














1.00
7.64


CLASS 6














1.00
4.68


OTHER SPECIES
CLASS 4


85.93

63.53

29.19
15.43
12.67



8.20
8.07
5.88
15.34


CLASS 5


82.96

60.56

26.22
12.46
9.70



5.23
5.10
2.91
12.37


CLASS 6


80.00

57.60

23.26
9.50
6.74



2.27
2.14
1.00
9.41



CHRISTMAS TREES

($/TREE)

CLASS 4














2.50
2.50


CLASS 5














2.25
2.25


CLASS 6














2.00
2.00

