
“Point in Time” Act Content
WORKERS COMPENSATION ACT

[revised as Workers Compensation Act - RSBC2019, c. 1]

[RSBC 1996] CHAPTER 492





Column 1



Column 2




Section No.



January 1, 2015

Dollar Amount



Change to



January 1, 2016

Dollar Amount




3 (5) (c)
130.13

131.48


17 (3) (a) (ii)
342.15

345.68


17 (3) (c)
1 105.63

1 117.04


17 (3) (d)
1 105.63

1 117.04


17 (3) (f) (iii) (B)
342.15

345.68


17 (3) (g)
36 860.29

37 240.90


17 (3) (h) (i)
605.55

611.80


17 (3) (h) (ii)
605.55

611.80


17 (3) (i)
605.55

611.80


17 (13)
2 632.96

2 660.14


18 (1)
458.14

462.87



142.20

143.67


22 (2)
1 691.85

1 709.32


29 (2)
390.37

394.40


33 (5)
1 691.85

1 709.32


35 (5)
233.27

235.68


73 (1)
54 426.67

54 988.67


75 (3)
5 205.35

5 259.10


77 (2)
5 205.35

5 259.10


196 (2)
621 615.98

628 034.57


196.1 (1)
n/a

1 010.33


217 (a) (i)
680 333.56

687 358.45



34 016.71

34 367.96


217 (b) (i)
1 360 667.10

1 374 716.89



68 033.36

68 735.85

