
"Point in Time" Regulation Content

Pharmaceutical Services Act

Drug Plans Regulation
B.C. Reg. 73/2015





Column 1

Family Net Income ($)


(of registrant and spouse, if any)



Column 2

Family

Deductible ($)


(minister makes

no payment until

family unit pays

this amount)


Column 3


Maximum Family

Co-payment ($)


(after deductible is

paid, minister pays

75% until family

unit pays this

amount)





0.00 — 3 000.00
0.00
25.00


3 000.01 — 5 000.00
0.00
50.00


5 000.01 — 7 000.00
0.00
75.00


7 000.01 — 10 000.00
0.00
100.00


10 000.01 — 14 000.00
0.00
150.00


14 000.01 — 18 000.00
0.00
200.00


18 000.01 — 22 000.00
0.00
250.00


22 000.01 — 26 000.00
0.00
300.00


26 000.01 — 30 000.00
0.00
350.00


30 000.01 — 33 000.00
0.00
400.00


33 000.01 — 37 500.00
350.00
350.00


37 500.01 — 42 500.00
400.00
400.00


42 500.01 — 47 500.00
450.00
450.00


47 500.01 — 50 000.00
500.00
500.00


50 000.01 — 52 500.00
1 000.00
500.00


52 500.01 — 57 500.00
1 100.00
550.00


57 500.01 — 62 500.00
1 200.00
600.00


62 500.01 — 67 500.00
1 300.00
650.00


67 500.01 — 72 500.00
1 400.00
700.00


72 500.01 — 77 500.00
1 500.00
750.00


77 500.01 — 82 500.00
1 600.00
800.00


82 500.01 — 87 500.00
1 700.00
850.00


87 500.01 — 92 500.00
1 800.00
900.00


92 500.01 — 97 500.00
1 900.00
950.00


97 500.01 — 106 250.00
2 000.00
1 000.00


106 250.01 — 118 750.00
2 250.00
1 125.00


118 750.01 — 131 250.00
2 500.00
1 250.00


131 250.01 — 143 750.00
2 750.00
1 375.00


143 750.01 — 162 500.00
3 000.00
1 500.00


162 500.01 — 187 500.00
3 500.00
1 750.00


187 500.01 — 212 500.00
4 000.00
2 000.00


212 500.01 — 237 500.00
4 500.00
2 250.00


237 500.01 — 275 000.00
5 000.00
2 500.00


275 000.01 — 325 000.00
6 000.00
3 000.00


325 000.01 — 375 000.00
7 000.00
3 000.00


375 000.01 — 425 000.00
8 000.00
2 000.00


425 000.01 — 475 000.00
9 000.00
1 000.00


475 000.01 — 999 999 999.00
10 000.00
0.00

