
"Point in Time" Regulation Content

Assessment Act


Managed Forest Land and Cut Timber Values Regulation

B.C. Reg. 90/2000




SPECIES


ACCESSIBILITY



2017 VALUE of CUT TIMBER by GRADE for VALUATION AREA in $
PER CUBIC METRE ($/m
3
)





VALUATION AREA




THOMPSON-OKANAGAN (3)


KOOTENAY-BOUNDARY (4)


SKEENA (5)


OMINECA (6)


NORTHEAST (7)


CARIBOO (8)




Grade Code:


Grade Code:


Grade Code:


Grade Code:


Grade Code:


Grade Code:




Sawlog


4


6


Sawlog


4


6


Sawlog


4


6


Sawlog


4


6


Sawlog


4


6


Sawlog


4


6





FIR
CLASS 4
34.55
17.28
1.00
34.55
17.28
1.00



25.32
12.66
1.00



21.31
10.66
1.00


CLASS 5
31.45
15.73
1.00
31.45
15.73
1.00



22.22
11.11
1.00



18.21
9.11
1.00


CLASS 6
28.13
14.07
1.00
28.13
14.07
1.00



18.90
9.45
1.00



14.88
7.44
1.00


CEDAR
CLASS 4
168.85
84.42
1.00
168.85
84.42
1.00
165.10
82.55
1.00
138.44
69.22
1.00



139.00
69.50
1.00


CLASS 5
165.75
82.87
1.00
165.75
82.87
1.00
162.01
81.00
1.00
135.34
67.67
1.00



135.89
67.95
1.00


CLASS 6
162.43
81.21
1.00
162.43
81.21
1.00
158.69
79.34
1.00
132.02
66.01
1.00



132.56
66.28
1.00


HEMLOCK
CLASS 4
2.93
1.46
1.00
2.93
1.46
1.00
15.26
7.63
1.00
1.00
0.50
1.00



1.00
0.50
1.00


CLASS 5
1.00
0.50
1.00
1.00
0.50
1.00
12.16
6.08
1.00
1.00
0.50
1.00



1.00
0.50
1.00


CLASS 6
1.00
0.50
1.00
1.00
0.50
1.00
8.84
4.42
1.00
1.00
0.50
1.00



1.00
0.50
1.00


SPRUCE
CLASS 4
70.88
35.44
1.00
70.88
35.44
1.00
52.59
26.30
1.00
48.24
24.12
1.00
40.00
20.00
1.00
48.92
24.46
1.00


CLASS 5
67.77
33.89
1.00
67.77
33.89
1.00
49.50
24.75
1.00
45.14
22.57
1.00
36.89
18.45
1.00
45.82
22.91
1.00


CLASS 6
64.46
32.23
1.00
64.46
32.23
1.00
46.18
23.09
1.00
41.82
20.91
1.00
33.57
16.79
1.00
42.49
21.25
1.00


BALSAM
CLASS 4
53.27
26.64
1.00
53.27
26.64
1.00
35.26
17.63
1.00
35.88
17.94
1.00
28.37
14.18
1.00
34.28
17.14
1.00


CLASS 5
50.17
25.09
1.00
50.17
25.09
1.00
32.17
16.08
1.00
32.78
16.39
1.00
25.27
12.63
1.00
31.18
15.59
1.00


CLASS 6
46.85
23.43
1.00
46.85
23.43
1.00
28.85
14.42
1.00
29.46
14.73
1.00
21.95
10.97
1.00
27.85
13.92
1.00


WHITE PINE
CLASS 4
28.34
14.17
1.00
28.34
14.17
1.00



12.67
6.33
1.00



13.13
6.56
1.00


CLASS 5
25.24
12.62
1.00
25.24
12.62
1.00



9.57
4.78
1.00



10.03
5.01
1.00


CLASS 6
21.92
10.96
1.00
21.92
10.96
1.00



6.25
3.12
1.00



6.70
3.35
1.00


LODGEPOLE PINE
CLASS 4
55.69
27.84
1.00
55.69
27.84
1.00
48.82
24.41
1.00
38.23
19.11
1.00
39.92
19.96
1.00
36.34
18.17
1.00


CLASS 5
52.58
26.29
1.00
52.58
26.29
1.00
45.72
22.86
1.00
35.12
17.56
1.00
36.82
18.41
1.00
33.24
16.62
1.00


CLASS 6
49.27
24.63
1.00
49.27
24.63
1.00
42.41
21.20
1.00
31.80
15.90
1.00
33.50
16.75
1.00
29.91
14.95
1.00


YELLOW PINE
CLASS 4
35.34
17.67
1.00
35.34
17.67
1.00









18.74
9.37
1.00


CLASS 5
32.23
16.12
1.00
32.23
16.12
1.00









15.64
7.82
1.00


CLASS 6
28.92
14.46
1.00
28.92
14.46
1.00









12.31
6.16
1.00


LARCH
CLASS 4
32.31
16.16
1.00
32.31
16.16
1.00



17.77
8.89
1.00



13.00
6.50
1.00


CLASS 5
29.21
14.60
1.00
29.21
14.60
1.00



14.67
7.34
1.00



9.89
4.95
1.00


CLASS 6
25.89
12.95
1.00
25.89
12.95
1.00



11.35
5.68
1.00



6.56
3.28
1.00


DECIDUOUS
CLASS 4
10.00
5.00
1.00
10.00
5.00
1.00
10.00
5.00
1.00
10.00
5.00
1.00
10.00
5.00
1.00
10.00
5.00
1.00


CLASS 5
7.50
3.75
1.00
7.50
3.75
1.00
7.50
3.75
1.00
7.50
3.75
1.00
7.50
3.75
1.00
7.50
3.75
1.00


CLASS 6
5.00
2.50
1.00
5.00
2.50
1.00
5.00
2.50
1.00
5.00
2.50
1.00
5.00
2.50
1.00
5.00
2.50
1.00


OTHER SPECIES
CLASS 4
2.93
1.46
1.00
2.93
1.46
1.00
15.26
7.63
1.00
1.00
0.50
1.00



1.00
0.50
1.00


CLASS 5
1.00
0.50
1.00
1.00
0.50
1.00
12.16
6.08
1.00
1.00
0.50
1.00



1.00
0.50
1.00


CLASS 6
1.00
0.50
1.00
1.00
0.50
1.00
8.84
4.42
1.00
1.00
0.50
1.00



1.00
0.50
1.00



CHRISTMAS TREES

($/TREE)

CLASS 4
2.50


2.50


2.50


2.50


2.50


2.50




CLASS 5
2.25


2.25


2.25


2.25


2.25


2.25




CLASS 6
2.00


2.00


2.00


2.00


2.00


2.00



