
"Point in Time" Regulation Content

Assessment Act


Managed Forest Land and Cut Timber Values Regulation

B.C. Reg. 90/2000




SPECIES


ACCESSIBILITY



2015 VALUE of CUT TIMBER in $ PER CUBIC METRE ($/m
3
)





VALUATION AREA




SKEENA (5)


PRINCE GEORGE (6)


FT. NELSON/PEACE (7)


CARIBOO (8)


SOUTHERN INTERIOR (9)




Grade Code:


Grade Code:


Grade Code:


Grade Code:


Grade Code:





Sawlog




4




6




Sawlog




4




6




Sawlog




4




6




Sawlog




4




6




Sawlog




4




6






FIR
CLASS 4



29.32
14.66
1.00



24.98
12.49
1.00
29.64
14.82
1.00


CLASS 5



26.32
13.16
1.00



21.98
10.99
1.00
26.63
13.32
1.00


CLASS 6



23.09
11.55
1.00



18.75
9.38
1.00
23.41
11.70
1.00


CEDAR
CLASS 4
105.73
52.87
1.00
83.53
41.76
1.00



85.94
42.97
1.00
105.84
52.92
1.00


CLASS 5
102.73
51.36
1.00
80.52
40.26
1.00



82.93
41.47
1.00
102.83
51.42
1.00


CLASS 6
99.50
49.75
1.00
77.30
38.65
1.00



79.71
39.85
1.00
99.61
49.80
1.00


HEMLOCK
CLASS 4
10.12
5.06
1.00
1.00
1.00
1.00



1.00
1.00
1.00
1.00
1.00
1.00


CLASS 5
7.11
3.56
1.00
1.00
1.00
1.00



1.00
1.00
1.00
1.00
1.00
1.00


CLASS 6
3.89
1.94
1.00
1.00
1.00
1.00



1.00
1.00
1.00
1.00
1.00
1.00


SPRUCE
CLASS 4
53.55
26.78
1.00
49.62
24.81
1.00
47.05
23.52
1.00
48.66
24.33
1.00
73.84
36.92
1.00


CLASS 5
50.55
25.27
1.00
46.61
23.30
1.00
44.04
22.02
1.00
45.65
22.83
1.00
70.84
35.42
1.00


CLASS 6
47.32
23.66
1.00
43.39
21.69
1.00
40.82
20.41
1.00
42.43
21.21
1.00
67.61
33.81
1.00


BALSAM
CLASS 4
29.99
15.00
1.00
37.32
18.66
1.00
35.13
17.57
1.00
34.25
17.13
1.00
56.15
28.08
1.00


CLASS 5
26.99
13.49
1.00
34.31
17.16
1.00
32.12
16.06
1.00
31.25
15.62
1.00
53.15
26.57
1.00


CLASS 6
23.76
11.88
1.00
31.09
15.54
1.00
28.90
14.45
1.00
28.02
14.01
1.00
49.92
24.96
1.00


WHITE PINE
CLASS 4



14.41
7.20
1.00
1.00


13.56
6.78
1.00
31.40
15.70
1.00


CLASS 5



11.40
5.70
1.00
1.00


10.55
5.28
1.00
28.39
14.20
1.00


CLASS 6



8.18
4.09
1.00
1.00


7.33
3.66
1.00
25.17
12.58
1.00


LODGEPOLE PINE
CLASS 4
49.81
24.90
1.00
39.62
19.81
1.00
47.21
23.61
1.00
36.26
18.13
1.00
58.55
29.28
1.00


CLASS 5
46.80
23.40
1.00
36.62
18.31
1.00
44.21
22.10
1.00
33.26
16.63
1.00
55.55
27.77
1.00


CLASS 6
43.58
21.79
1.00
33.39
16.70
1.00
40.98
20.49
1.00
30.03
15.02
1.00
52.32
26.16
1.00


YELLOW PINE
CLASS 4



1.00


1.00


19.12
9.56
1.00
38.54
19.27
1.00


CLASS 5



1.00


1.00


16.11
8.06
1.00
35.54
17.77
1.00


CLASS 6



1.00


1.00


12.89
6.44
1.00
32.31
16.16
1.00


LARCH
CLASS 4



21.50
10.75
1.00
1.00


16.62
8.31
1.00
27.57
13.79
1.00


CLASS 5



18.50
9.25
1.00
1.00


13.62
6.81
1.00
24.57
12.28
1.00


CLASS 6



15.27
7.64
1.00
1.00


10.39
5.20
1.00
21.34
10.67
1.00


DECIDUOUS
CLASS 4
10.00
5.00
1.00
10.00
5.00
1.00
10.00
5.00
1.00
10.00
5.00
1.00
10.00
5.00
1.00


CLASS 5
7.50
3.75
1.00
7.50
3.75
1.00
7.50
3.75
1.00
7.50
3.75
1.00
7.50
3.75
1.00


CLASS 6
5.00
2.50
1.00
5.00
2.50
1.00
5.00
2.50
1.00
5.00
2.50
1.00
5.00
2.50
1.00


OTHER SPECIES
CLASS 4
10.12
5.06
1.00
1.00
1.00
1.00
1.00


1.00
1.00
1.00
1.00
1.00
1.00


CLASS 5
7.11
3.56
1.00
1.00
1.00
1.00
1.00


1.00
1.00
1.00
1.00
1.00
1.00


CLASS 6
3.89
1.94
1.00
1.00
1.00
1.00
1.00


1.00
1.00
1.00
1.00
1.00
1.00


CHRISTMAS TREES ($/TREE)
CLASS 4
2.50


2.50


2.50


2.50


2.50




CLASS 5
2.25


2.25


2.25


2.25


2.25




CLASS 6
2.00


2.00


2.00


2.00


2.00



