
Tsawwassen First Nation Final Agreement Act
[SBC 2007] CHAPTER 39





Unit

Number




FNLRS Parcel

Identification

Number




Sublease and

Assignment

FNLRS Number




Shareholder

Agreement

FNLRS Number




Mortgage(s)

FNLRS Number




1
902008444

245015

LMA01362

LMA02796



2
902008474

245117

245960

286015
311295


3
902008475

245118

255623

285989
LMA03744


4
902008476

245119

298869

286011
298870


5
902008469

245109

253391

286010



6
902008470

245111

246962


LMA03356


7
902008471

245113

LMA01698


LMA01699


8
902008466

245103

LMA02211



LMA01279

248093



9
902008467

245105

290580





10
902008454

245081

260891

285997
LMA02368


11
902008456

245086

246844


246845


12
902008457

245088

245836

285994
LMA01405


13
902008459

245091

254649





14
902008460

245094

LMA02607





15
902008462

245095

246842

285992
246843


16
902008463

245096

LMA02407





17
902008464

245100

245835

285991



18
902008515

245207

LMA02799


301220


19
902008516

245208

286295


286296


20
902008517

245209

264743

286000
312951


21
902008518

245211

312625

285999
262257


22
902008519

245213

271037

285996
271036


23
902008520

245214

280225


280227


24
902008521

245216

247344

286002



25
902008522

245217

247842

286072



26
902008478

245121

298305


298307


27
902008479

245122

252821

286073
LMA02581


28
902008483

245130

255855

286074



29
902008484

245242

LMA03693





30
902008485

245132

259409

286239
LMA02487


31
902008486

245133

LMA01874


LMA01875


32
902008487

245134

264246

286078
312525


33
902008488

245136

301821


304856


34
902008489

245137

307665


307667


35
902008490

245139

304882





36
902008491

245140

260347

286085
293746


37
902008492

245142

LMA03934





38
902008537

245237

257277





39
902008538

245238

296402

286061
259392


40
902008539

245239

247341

286063
247342


41
902008535

245235

257270

286064
257272


42
902008536

245236

306685


306687


43
902008540

245241

LMA02650





44
902008541

245242

266106

286067
266107


45
902008542

245244

264231

286068
264323


46
902008543

245246

294581


294583


47
902008544

245247

LMA01363

LMA02797
LMA01498


48
902008545

245250

312672


313204


49
902008546

245251

308838


308842


50
902008547

245257

LMA01755


LMA01756


51
902008548

245258

300188





52
902008549

245259

299599


29960


53
902008550

245260

255773

286023
LMA02936


54
902008553

245265

253026

286033



55
902008554

245267

246856

286242
LMA03158


56
902008555

245268

314356





57
902008557

245271

245826

286030



58
902008560

245275

245822

286029



59
902008562

245277

262540

286051



60
902008563

245280

256199

286049
256201


61
902008564

245284

298252


298253


62
902008565

245284

301282


301283


63
902008551

245262

245812

286043



64
902008552

245264

283800


283801


65
90208556

245270

310828


310829


66
902008558

245272

309013





67
902008559

245274

LMA01961


LMA01962


68
902008561

245276

264654

286243
264656


69
902008493

245149

272795

286020
272796


70
902008494

245151

245952

286019
312159


71
902008496

245154

245964

286018



72
902008497

245154

291905


291908


73
902008498

245155

LMA02367

286004
295183


74
902008499

245156

279974

286035
296275


75
902008550

245157

246965

286060



76
902008502

245165

256111

286057



77
902008523

245219

264940

286042
298323


78
902008524

245220

247806

286041



79
902008525

245221

266108

286039



80
902008528

245227

301845

LMA02798



81
902008529

245228

246838

286037

246839

314357



82
902008530

245229

263008

268056
LMA03255


83
902008531

245230

252937

LMA02984

286054
252938


84
902008532

245231

272231

286052

272232

309475



85
902008533
245232 292725

293040


86
902008534

245233

315764


315766

