"Point in Time" Regulation Content
Assessment Act
Managed Forest Land and Cut Timber Values Regulation
B.C. Reg. 90/2000
SPECIES
ACCESSIBILITY
2014 VALUE of CUT TIMBER by GRADE for VALUATION AREA:
MID COAST (3)
$ PER CUBIC METRE ($/m
3
)
B
C
D
E
F
G
H
I
J
K
L
M
U
X
Y
UNGRADED
FIR
CLASS 4
157.63
101.17
309.93
213.38
89.91
39.33
30.16
13.84
7.98
1.66
61.52
CLASS 5
154.52
98.06
306.82
210.27
86.80
36.22
27.05
10.73
4.87
1.00
58.41
CLASS 6
151.41
94.95
303.71
207.16
83.69
33.11
23.94
7.62
1.76
1.00
55.30
CEDAR
CLASS 4
248.78
226.19
143.05
94.89
85.09
138.31
106.90
66.90
28.91
11.22
1.00
107.77
CLASS 5
245.67
223.08
139.94
91.78
81.98
135.20
103.79
63.79
25.80
8.11
1.00
104.66
CLASS 6
242.56
219.97
136.83
88.67
78.87
132.09
100.68
60.68
22.69
5.00
1.00
101.55
HEMLOCK
CLASS 4
108.76
77.62
36.30
21.81
20.97
12.94
13.49
12.91
20.77
CLASS 5
105.65
74.51
33.19
18.70
17.86
9.83
10.38
9.80
17.66
CLASS 6
102.54
71.40
30.08
15.59
14.75
6.72
7.27
6.69
14.55
SPRUCE
CLASS 4
434.28
383.78
282.21
254.03
144.08
41.42
14.52
13.87
13.56
12.21
67.44
CLASS 5
431.17
380.67
279.10
250.92
140.97
38.31
11.41
10.76
10.45
9.10
64.33
CLASS 6
428.06
377.56
275.99
247.81
137.86
35.20
8.30
7.65
7.34
5.99
61.22
BALSAM
CLASS 4
108.76
77.62
36.30
21.81
20.97
12.94
13.49
12.91
20.77
CLASS 5
105.65
74.51
33.19
18.70
17.86
9.83
10.38
9.80
17.66
CLASS 6
102.54
71.40
30.08
15.59
14.75
6.72
7.27
6.69
14.55
CYPRESS
CLASS 4
398.65
244.35
125.45
76.12
58.82
26.73
30.60
1.00
78.41
CLASS 5
395.54
241.24
122.34
73.01
55.71
23.62
27.49
1.00
75.30
CLASS 6
392.43
238.13
119.23
69.90
52.60
20.51
24.38
1.00
72.19
PINE
CLASS 4
65.73
54.52
39.73
30.51
24.69
7.91
4.93
1.77
22.46
CLASS 5
62.62
51.41
36.62
27.40
21.58
4.80
1.82
1.00
19.35
CLASS 6
59.51
48.30
33.51
24.29
18.47
1.69
1.00
1.00
16.24
DECIDUOUS
CLASS 4
30.00
36.34
CLASS 5
26.89
33.23
CLASS 6
23.78
30.12
OTHER SPECIES
CLASS 4
108.76
77.62
36.30
21.81
20.97
12.94
13.49
12.91
20.77
CLASS 5
105.65
74.51
33.19
18.70
17.86
9.83
10.38
9.80
17.66
CLASS 6
102.54
71.40
30.08
15.59
14.75
6.72
7.27
6.69
14.55
CHRISTMAS TREES ($/TREE)
CLASS 4
2.50
CLASS 6
2.25
CLASS 6
2.00
