"Point in Time" Regulation Content
Assessment Act
Managed Forest Land and Cut Timber Values Regulation
B.C. Reg. 90/2000
SPECIES
ACCESSIBILITY
2011 VALUE of CUT TIMBER by GRADE for VALUATION AREA:
WEST COAST (2)
$ PER CUBIC METRE ($/m
3
)
B
C
D
E
F
G
H
I
J
K
L
M
U
X
Y
UNGRADED
FIR
CLASS 4
158.53
79.87
336.51
221.70
85.15
46.39
29.35
13.76
4.02
1.00
54.47
CLASS 5
155.57
76.91
333.55
218.74
82.19
43.43
26.39
10.80
1.06
1.00
51.51
CLASS 6
152.61
73.95
330.59
215.78
79.23
40.47
23.43
7.84
1.00
1.00
48.55
CEDAR
CLASS 4
270.13
204.62
115.00
71.77
78.85
121.45
85.05
45.33
12.83
3.77
1.00
75.42
CLASS 5
267.17
201.66
112.04
68.81
75.89
118.49
82.09
42.37
9.87
1.00
1.00
72.46
CLASS 6
264.21
198.70
109.08
65.85
72.93
115.53
79.13
39.41
6.91
1.00
1.00
69.50
HEMLOCK
CLASS 4
91.90
69.50
35.16
21.40
18.64
14.17
14.04
11.85
21.31
CLASS 5
88.94
66.54
32.20
18.44
15.68
11.21
11.08
8.89
18.35
CLASS 6
85.98
63.58
29.24
15.48
12.72
8.25
8.12
5.93
15.39
SPRUCE
CLASS 4
361.92
289.97
267.88
179.46
94.19
44.07
24.61
14.84
15.60
7.92
72.80
CLASS 5
358.96
287.01
264.92
176.50
91.23
41.11
21.65
11.88
12.64
4.96
69.84
CLASS 6
356.00
284.05
261.96
173.54
88.27
38.15
18.69
8.92
9.68
2.00
66.88
BALSAM
CLASS 4
91.90
69.50
35.16
21.40
18.64
14.17
14.04
11.86
21.31
CLASS 5
88.94
66.54
32.20
18.44
15.68
11.21
11.08
8.90
18.35
CLASS 6
85.98
63.58
29.24
15.48
12.72
8.25
8.12
5.94
15.39
CYPRESS
CLASS 4
382.31
232.84
126.98
72.02
61.86
27.19
9.02
1.00
83.00
CLASS 5
379.35
229.88
124.02
69.06
58.90
24.23
6.06
1.00
80.04
CLASS 6
376.39
226.92
121.06
66.10
55.94
21.27
3.10
1.00
77.08
PINE
CLASS 4
30.76
29.02
28.96
30.81
6.52
1.00
1.00
26.81
CLASS 5
27.80
26.06
26.00
27.85
3.56
1.00
1.00
23.85
CLASS 6
24.84
23.10
23.04
24.89
1.00
1.00
1.00
20.89
DECIDUOUS
CLASS 4
1.00
16.58
CLASS 5
1.00
13.62
CLASS 6
1.00
10.66
OTHER SPECIES
CLASS 4
91.90
69.50
35.16
21.40
18.64
14.17
14.04
11.85
21.31
CLASS 5
88.94
66.54
32.20
18.44
15.68
11.21
11.08
8.89
18.35
CLASS 6
85.98
63.58
29.24
15.48
12.72
8.25
8.12
5.93
15.39
CHRISTMAS TREES
($/TREE)
CLASS 4
2.50
2.50
CLASS 5
2.25
2.25
CLASS 6
2.00
2.00
