"Point in Time" Regulation Content
Assessment Act
Managed Forest Land and Cut Timber Values Regulation
B.C. Reg. 90/2000
SPECIES
ACCESSIBILITY
2014 VALUE of CUT TIMBER by GRADE for VALUATION AREA:
VANCOUVER (1)
$ PER CUBIC METRE ($/m
3
)
B
C
D
E
F
G
H
I
J
K
L
M
U
X
Y
UNGRADED
FIR
CLASS 4
164.07
107.61
316.37
219.82
96.35
45.77
36.60
20.28
14.42
8.10
67.96
CLASS 5
160.96
104.50
313.26
216.71
93.24
42.66
33.49
17.17
11.31
4.99
64.85
CLASS 6
157.85
101.39
310.15
213.60
90.13
39.55
30.38
14.06
8.20
1.88
61.74
CEDAR
CLASS 4
255.22
232.63
149.49
101.33
91.53
144.75
113.34
73.34
35.35
17.66
1.00
114.21
CLASS 5
252.11
229.52
146.38
98.22
88.42
141.64
110.23
70.23
32.24
14.55
1.00
111.10
CLASS 6
249.00
226.41
143.27
95.11
85.31
138.53
107.12
67.12
29.13
11.44
1.00
107.99
HEMLOCK
CLASS 4
115.20
84.06
42.74
28.25
27.41
19.38
19.93
19.35
27.21
CLASS 5
112.09
80.95
39.63
25.14
24.30
16.27
16.82
16.24
24.10
CLASS 6
108.98
77.84
36.52
22.03
21.19
13.16
13.71
13.13
20.99
SPRUCE
CLASS 4
440.72
390.22
288.65
260.47
150.52
47.86
20.96
20.31
20.00
18.65
73.88
CLASS 5
437.61
387.11
285.54
257.36
147.41
44.75
17.85
17.20
16.89
15.54
70.77
CLASS 6
434.50
384.00
282.43
254.25
144.30
41.64
14.74
14.09
13.78
12.43
67.66
BALSAM
CLASS 4
115.20
84.06
42.74
28.25
27.41
19.38
19.93
19.35
27.21
CLASS 5
112.09
80.95
39.63
25.14
24.30
16.27
16.82
16.24
24.10
CLASS 6
108.98
77.84
36.52
22.03
21.19
13.16
13.71
13.13
20.99
CYPRESS
CLASS 4
405.09
250.79
131.89
82.56
65.26
33.17
37.04
1.00
84.85
CLASS 5
401.98
247.68
128.78
79.45
62.15
30.06
33.93
1.00
81.74
CLASS 6
398.87
244.57
125.67
76.34
59.04
26.95
30.82
1.00
78.63
PINE
CLASS 4
72.17
60.96
46.17
36.95
31.13
14.35
11.37
8.21
28.90
CLASS 5
69.06
57.85
43.06
33.84
28.02
11.24
8.26
5.10
25.79
CLASS 6
65.95
54.74
39.95
30.73
24.91
8.13
5.15
1.99
22.68
DECIDUOUS
CLASS 4
36.44
42.78
CLASS 5
33.33
39.67
CLASS 6
30.22
36.56
OTHER SPECIES
CLASS 4
115.20
84.06
42.74
28.25
27.41
19.38
19.93
19.35
27.21
CLASS 5
112.09
80.95
39.63
25.14
24.30
16.27
16.82
16.24
24.10
CLASS 6
108.98
77.84
36.52
22.03
21.19
13.16
13.71
13.13
20.99
CHRISTMAS TREES ($/TREE)
CLASS 4
2.50
CLASS 5
2.25
CLASS 6
2.00
