“Point in Time” Act Content
WORKERS COMPENSATION ACT
[RSBC 2019]  CHAPTER 1
Column 1
Workers Compensation Act
section number
Column 2
Current dollar ($) amount
Column 3
Adjusted dollar ($) amount
on January 1, 2021
94 (2)
1 085.00
1 092.15
95 (2)
674 445.93
678 889.57
102 (a) (i)
738 153.81
36 907.72
743 017.20
37 150.89
102 (b) (i)
1 476 307.60
73 815.38
1 486 034.37
74 301.72
167
2 856.72
2 875.54
169 (3)
1 199.60
1 207.50
170 (3)
1 199.60
1 207.50
171 (3) (b)
371.21
373.66
171 (4)
39 992.98
40 256.48
172 (4) (b)
371.21
373.66
172 (5)
39 992.98
40 256.48
173 (3)
657.01
661.34
174 (3)
657.01
661.34
175 (3)
657.01
661.34
191 (2) (a)
423.54
426.33
194 (2)
1 835.64
1 847.73
208 (5)
1 835.64
1 847.73
213 (3)
141.19
142.12
225 (1)
497.06
154.28
500.33
155.30
231 (3)
253.08
254.75
236 (1)
5 647.74
5 684.95
236 (2)
5 647.74
5 684.95
251 (2)
59 052.28
59 441.35
349 (2)
5 647.74
5 684.95
