"Point in Time" Regulation Content
Assessment Act
Managed Forest Land and Cut Timber Values Regulation
B.C. Reg. 90/2000
SPECIES
ACCESSIBILITY
2016 VALUE of CUT TIMBER by GRADE for VALUATION AREA in $
PER CUBIC METRE ($/m
3
)
VALUATION AREA
THOMPSON-OKANAGAN (3)
KOOTENAY-BOUNDARY (4)
SKEENA (5)
OMINECA (6)
NORTHEAST (7)
CARIBOO (8)
Grade Code:
Grade Code:
Grade Code:
Grade Code:
Grade Code:
Grade Code:
Sawlog
4
6
Sawlog
4
6
Sawlog
4
6
Sawlog
4
6
Sawlog
4
6
Sawlog
4
6
FIR
CLASS 4
37.69
18.85
1.00
37.69
18.85
1.00
37.61
18.80
1.00
33.00
16.50
1.00
CLASS 5
34.82
17.41
1.00
34.82
17.41
1.00
34.74
17.37
1.00
30.13
15.06
1.00
CLASS 6
31.75
15.88
1.00
31.75
15.88
1.00
31.67
15.83
1.00
27.05
13.52
1.00
CEDAR
CLASS 4
129.47
64.74
1.00
129.47
64.74
1.00
129.60
64.80
1.00
104.71
52.35
1.00
107.23
53.61
1.00
CLASS 5
126.60
63.30
1.00
126.60
63.30
1.00
126.74
63.37
1.00
101.84
50.92
1.00
104.36
52.18
1.00
CLASS 6
123.53
61.77
1.00
123.53
61.77
1.00
123.67
61.84
1.00
98.77
49.38
1.00
101.28
50.64
1.00
HEMLOCK
CLASS 4
7.55
3.78
1.00
7.55
3.78
1.00
20.69
10.34
1.00
3.42
1.71
1.00
4.24
2.12
1.00
CLASS 5
4.68
2.34
1.00
4.68
2.34
1.00
17.83
8.91
1.00
1.00
.50
1.00
1.37
0.69
1.00
CLASS 6
1.61
0.81
1.00
1.61
0.81
1.00
14.76
7.38
1.00
1.00
.50
1.00
1.00
.50
1.00
SPRUCE
CLASS 4
78.24
39.12
1.00
78.24
39.12
1.00
63.32
31.66
1.00
58.50
29.25
1.00
52.98
26.49
1.00
57.12
28.56
1.00
CLASS 5
75.37
37.69
1.00
75.37
37.69
1.00
60.46
30.23
1.00
55.63
27.81
1.00
50.11
25.06
1.00
54.24
27.13
1.00
CLASS 6
72.30
36.15
1.00
72.30
36.15
1.00
57.39
28.69
1.00
52.56
26.28
1.00
47.04
23.52
1.00
51.17
25.59
1.00
BALSAM
CLASS 4
60.10
30.05
1.00
60.10
30.05
1.00
36.81
18.40
1.00
45.50
22.75
1.00
40.41
20.21
1.00
41.91
20.95
1.00
CLASS 5
57.23
28.62
1.00
57.23
28.62
1.00
33.95
16.97
1.00
42.63
21.32
1.00
37.54
18.77
1.00
39.04
19.52
1.00
CLASS 6
54.16
27.08
1.00
54.16
27.08
1.00
30.88
15.44
1.00
39.56
19.78
1.00
34.47
17.24
1.00
35.96
17.98
1.00
WHITE PINE
CLASS 4
34.94
17.47
1.00
34.94
17.47
1.00
21.69
10.85
1.00
20.51
10.25
1.00
CLASS 5
32.07
16.04
1.00
32.07
16.04
1.00
18.82
9.41
1.00
17.64
8.82
1.00
CLASS 6
29.00
14.50
1.00
29.00
14.50
1.00
15.75
7.88
1.00
14.56
7.28
1.00
LODGEPOLE PINE
CLASS 4
62.54
31.27
1.00
62.54
31.27
1.00
59.37
29.69
1.00
47.87
23.93
1.00
53.39
26.69
1.00
43.95
21.97
1.00
CLASS 5
59.67
29.84
1.00
59.67
29.84
1.00
56.51
28.25
1.00
45.00
22.50
1.00
50.52
25.26
1.00
41.08
20.54
1.00
CLASS 6
56.60
28.30
1.00
56.60
28.30
1.00
53.44
26.72
1.00
41.93
20.96
1.00
47.45
23.72
1.00
38.00
19.00
1.00
YELLOW PINE
CLASS 4
42.35
21.18
1.00
42.35
21.18
1.00
26.56
13.28
1.00
CLASS 5
39.48
19.74
1.00
39.48
19.74
1.00
23.69
11.84
1.00
CLASS 6
36.41
18.21
1.00
36.41
18.21
1.00
20.61
10.30
1.00
LARCH
CLASS 4
35.40
17.70
1.00
35.40
17.70
1.00
29.10
14.55
1.00
24.25
12.12
1.00
CLASS 5
32.53
16.26
1.00
32.53
16.26
1.00
26.23
13.11
1.00
21.38
10.69
1.00
CLASS 6
29.46
14.73
1.00
29.46
14.73
1.00
23.16
11.58
1.00
18.30
9.15
1.00
DECIDUOUS
CLASS 4
10.00
5.00
1.00
10.00
5.00
1.00
10.00
5.00
1.00
10.00
5.00
1.00
10.00
5.00
1.00
10.00
5.00
1.00
CLASS 5
7.50
3.75
1.00
7.50
3.75
1.00
7.50
3.75
1.00
7.50
3.75
1.00
7.50
3.75
1.00
7.50
3.75
1.00
CLASS 6
5.00
2.50
1.00
5.00
2.50
1.00
5.00
2.50
1.00
5.00
2.50
1.00
5.00
2.50
1.00
5.00
2.50
1.00
OTHER SPECIES
CLASS 4
7.55
3.78
1.00
7.55
3.78
1.00
20.69
10.34
1.00
3.42
1.71
1.00
4.24
2.12
1.00
CLASS 5
4.68
2.34
1.00
4.68
2.34
1.00
17.83
8.91
1.00
1.00
0.50
1.00
1.37
0.69
1.00
CLASS 6
1.61
0.81
1.00
1.61
0.81
1.00
14.76
7.38
1.00
1.00
0.50
1.00
1.00
0.50
1.00
CHRISTMAS TREES ($/TREE)
CLASS 4
2.50
2.50
2.50
2.50
2.50
2.50
CLASS 5
2.25
2.25
2.25
2.25
2.25
2.25
CLASS 6
2.00
2.00
2.00
2.00
2.00
2.00
