"Point in Time" Regulation Content
Pension Benefits Standards Act
Pension Benefits Standards Regulation
B.C. Reg. 433/93
Pension Benefits Standards Act
Age
10.00%
10.50%
11.00 %
11.50%
12.00%
12.50%
13.00%
13.50%
under 55
0.084
0.087
0.090
0.093
0.097
0.100
0.103
0.107
55
0.088
0.091
0.094
0.097
0.101
0.104
0.107
0.111
56
0.088
0.091
0.095
0.098
0.101
0.104
0.108
0.111
57
0.089
0.092
0.095
0.098
0.102
0.105
0.108
0.112
58
0.090
0.093
0.096
0.099
0.102
0.106
0.109
0.112
59
0.090
0.093
0.097
0.100
0.103
0.106
0.110
0.113
60
0.091
0.094
0.097
0.101
0.104
0.107
0.110
0.114
61
0.092
0.095
0.098
0.101
0.105
0.108
0.111
0.115
62
0.093
0.096
0.099
0.102
0.105
0.109
0.112
0.115
63
0.094
0.097
0.100
0.103
0.106
0.110
0.113
0.116
64
0.095
0.098
0.101
0.104
0.107
0.111
0.114
0.117
65
0.096
0.099
0.102
0.105
0.108
0.112
0.115
0.118
66
0.097
0.100
0.103
0.106
0.110
0.113
0.116
0.119
67
0.098
0.101
0.104
0.108
0.111
0.114
0.117
0.121
68
0.100
0.103
0.106
0.109
0.112
0.115
0.119
0.122
69
0.101
0.104
0.107
0.111
0.114
0.117
0.120
0.123
70
0.103
0.106
0.109
0.112
0.115
0.119
0.122
0.125
71
0.105
0.108
0.111
0.114
0.117
0.120
0.123
0.127
72
0.107
0.110
0.113
0.116
0.119
0.122
0.125
0.129
73
0.109
0.112
0.115
0.118
0.121
0.124
0.127
0.131
74
0.111
0.114
0.117
0.120
0.124
0.127
0.130
0.133
75
0.114
0.117
0.120
0.123
0.126
0.129
0.132
0.135
76
0.117
0.120
0.123
0.126
0.129
0.132
0.135
0.138
77
0.121
0.124
0.127
0.130
0.133
0.136
0.139
0.142
78
0.126
0.128
0.131
0.134
0.137
0.140
0.143
0.146
79
0.131
0.134
0.137
0.139
0.142
0.145
0.148
0.151
80
0.136
0.139
0.142
0.144
0.147
0.150
0.153
0.155
81
0.143
0.145
0.148
0.151
0.153
0.156
0.159
0.161
82
0.150
0.153
0.155
0.158
0.161
0.163
0.166
0.169
83
0.159
0.161
0.164
0.167
0.169
0.172
0.175
0.177
84
0.169
0.172
0.174
0.177
0.180
0.182
0.185
0.187
85
0.181
0.184
0.187
0.189
0.192
0.194
0.197
0.200
86
0.195
0.198
0.200
0.200
0.200
0.200
0.200
0.200
87
0.200
0.200
0.200
0.200
0.200
0.200
0.200
0.200
88 or over
0.200
0.200
0.200
0.200
0.200
0.200
0.200
0.200
