“Point in Time” Act Content
WORKERS COMPENSATION ACT
[revised as Workers Compensation Act - RSBC2019, c. 1]
[RSBC 1996] CHAPTER 492
Column 1
Column 2
Section No.
January 1, 2013
Dollar Amount
Change to
January 1, 2014
Dollar Amount
3 (5) (c)
126.31
127.13
17 (3) (a) (ii)
332.09
334.27
17 (3) (c)
1,073.13
1,080.16
17 (3) (d)
1,073.13
1,080.16
17 (3) (f) (iii) (B)
332.09
334.27
17 (3) (g)
35,777.02
36,011.24
17 (3) (h) (i)
587.75
591.60
17 (3) (h) (ii)
587.75
591.60
17 (3) (i)
587.75
591.60
17 (13)
2,555.58
2,572.31
18 (1)
444.67
447.59
138.02
138.92
22 (2)
1,642.13
1,652.88
29 (2)
378.90
381.38
33 (5)
1,642.13
1,652.88
35 (5)
226.41
227.90
73 (1)
52,827.16
53,173.00
75 (3)
5,052.37
5,085.45
77 (2)
5,052.37
5,085.45
196 (2)
603,347.68
607,297.58
217 (a) (i)
660,339.64
664,662.65
33,017.01
33,233.16
217 (b) (i)
1,320,679.27
1,329,325.28
66,033.97
66,466.27
