"Point in Time" Regulation Content
Pension Benefits Standards Act
Pension Benefits Standards Regulation
B.C. Reg. 433/93
Pension Benefits Standards Act
Age
6.00%
6.50%
7.00%
7.50%
8.00%
8.50%
9.00%
9.50%
under 55
0.061
0.063
0.066
0.069
0.072
0.075
0.078
0.081
55
0.064
0.067
0.070
0.073
0.076
0.079
0.082
0.085
56
0.065
0.067
0.070
0.073
0.076
0.079
0.082
0.085
57
0.065
0.068
0.071
0.074
0.077
0.080
0.083
0.086
58
0.066
0.069
0.071
0.074
0.077
0.080
0.083
0.086
59
0.067
0.069
0.072
0.075
0.078
0.081
0.084
0.087
60
0.067
0.070
0.073
0.076
0.079
0.082
0.085
0.088
61
0.068
0.071
0.074
0.077
0.079
0.082
0.086
0.089
62
0.069
0.072
0.074
0.077
0.080
0.083
0.086
0.089
63
0.070
0.073
0.075
0.078
0.081
0.084
0.087
0.090
64
0.071
0.074
0.076
0.079
0.082
0.085
0.088
0.091
65
0.072
0.075
0.077
0.080
0.083
0.086
0.089
0.093
66
0.073
0.076
0.079
0.082
0.085
0.088
0.091
0.094
67
0.074
0.077
0.080
0.083
0.086
0.089
0.092
0.095
68
0.076
0.078
0.081
0.084
0.087
0.090
0.093
0.096
69
0.077
0.080
0.083
0.086
0.089
0.092
0.095
0.098
70
0.079
0.082
0.085
0.088
0.091
0.094
0.097
0.100
71
0.081
0.084
0.087
0.089
0.092
0.095
0.098
0.102
72
0.083
0.086
0.089
0.092
0.095
0.098
0.101
0.104
73
0.085
0.088
0.091
0.094
0.097
0.100
0.103
0.106
74
0.088
0.091
0.094
0.097
0.099
0.102
0.105
0.108
75
0.091
0.094
0.097
0.100
0.102
0.105
0.108
0.111
76
0.094
0.097
0.100
0.103
0.106
0.109
0.112
0.114
77
0.098
0.101
0.104
0.107
0.110
0.112
0.115
0.118
78
0.103
0.106
0.109
0.111
0.114
0.117
0.120
0.123
79
0.108
0.111
0.114
0.117
0.119
0.122
0.125
0.128
80
0.115
0.117
0.120
0.123
0.125
0.128
0.131
0.133
81
0.121
0.124
0.127
0.129
0.132
0.135
0.137
0.140
82
0.129
0.132
0.134
0.137
0.139
0.142
0.145
0.147
83
0.138
0.140
0.143
0.146
0.148
0.151
0.154
0.156
84
0.148
0.151
0.153
0.156
0.159
0.161
0.164
0.167
85
0.160
0.163
0.165
0.168
0.171
0.173
0.176
0.179
86
0.173
0.176
0.179
0.182
0.184
0.187
0.190
0.193
87
0.189
0.191
0.194
0.197
0.200
0.200
0.200
0.200
88 or over
0.200
0.200
0.200
0.200
0.200
0.200
0.200
0.200
