"Point in Time" Regulation Content
Container Trucking Act
Container Trucking Regulation
B.C. Reg. 248/2014
Column 1
Origin
Area
Column 2
Destination Area
(see Column 3 in Table 1)
A
B
C
D
E
F
G
H
I
J
K
L
M
N
O
P
Q
R
S
T
U
V
W
X
Y
A
100
130
135
130
110
125
130
120
110
115
115
110
110
135
145
115
120
120
135
130
125
125
120
140
150
B
130
100
120
115
135
120
115
110
120
135
125
120
140
110
120
120
130
120
120
110
115
115
115
115
125
C
135
120
100
110
140
120
110
130
125
125
125
130
130
115
115
130
120
120
115
115
120
115
120
110
120
D
130
115
110
100
140
120
115
120
125
130
125
130
130
110
115
135
120
120
115
115
120
115
120
110
120
E
110
135
140
140
100
125
135
130
115
120
120
125
115
135
150
120
125
125
130
145
140
135
120
145
155
F
125
120
120
120
125
100
120
115
115
130
100
115
125
115
130
110
125
115
120
125
125
110
110
125
135
G
130
115
110
115
135
120
100
115
125
120
120
125
125
110
120
125
115
115
110
115
120
110
115
115
120
H
120
110
130
120
130
115
115
100
125
125
120
120
125
115
125
115
125
120
120
115
110
110
110
120
130
I
110
120
125
125
115
115
125
125
100
125
110
115
120
125
140
115
135
115
130
135
130
115
115
135
145
J
115
135
125
130
120
130
120
125
125
100
125
120
110
125
135
135
110
130
115
130
135
130
130
130
140
K
115
125
125
125
120
100
120
120
110
125
100
110
120
120
135
115
135
110
125
130
125
115
115
130
140
L
110
120
130
130
125
115
125
120
115
120
110
100
120
135
120
120
135
110
125
130
125
115
110
135
145
M
110
140
130
130
115
125
125
125
120
110
120
120
100
130
140
130
115
130
120
135
140
130
130
135
145
N
135
110
115
110
135
115
110
115
125
125
120
135
130
100
120
120
120
115
115
110
115
110
115
115
125
O
145
120
115
115
150
130
120
125
140
135
135
120
140
120
100
140
130
130
125
115
120
125
130
110
110
P
115
120
130
135
120
110
125
115
115
135
115
120
130
120
140
100
130
120
125
125
120
115
110
130
140
Q
120
130
120
120
125
125
115
125
135
110
135
135
115
120
130
130
100
125
110
125
130
120
125
125
135
R
120
120
120
120
125
115
115
120
115
130
110
110
130
115
130
120
125
100
120
120
125
110
115
125
135
S
135
120
115
115
130
120
110
120
130
115
125
125
120
115
125
125
110
120
100
120
125
115
120
120
130
T
130
110
115
115
145
125
115
115
135
130
130
130
135
110
115
125
125
120
120
100
110
115
120
110
120
U
125
115
120
120
140
125
120
110
130
135
125
125
140
115
120
120
130
125
125
110
100
115
115
115
125
V
125
115
115
115
135
110
110
110
115
130
115
115
130
110
125
115
120
110
115
115
115
100
110
120
125
W
120
115
120
120
120
110
115
110
115
130
115
110
130
115
130
110
125
115
120
120
115
110
100
125
135
X
140
115
110
110
145
125
115
120
135
130
130
135
135
115
110
130
125
125
120
110
115
120
125
100
115
Y
150
125
120
120
155
135
120
130
145
140
140
145
145
125
110
140
135
135
130
120
125
125
135
115
100
