"Point in Time" Regulation Content
Assessment Act
Managed Forest Land and Cut Timber Values Regulation
B.C. Reg. 90/2000
SPECIES
ACCESSIBILITY
2013 VALUE of CUT TIMBER by GRADE for VALUATION AREA:
WEST COAST (2)
$ PER CUBIC METRE ($/m
3
)
B
C
D
E
F
G
H
I
J
K
L
M
U
X
Y
UNGRADED
FIR
CLASS 4
140.93
102.57
366.08
204.60
99.23
44.08
33.59
22.52
13.48
4.42
58.24
CLASS 5
137.91
99.55
363.06
201.58
96.21
41.06
30.57
19.50
10.46
1.40
55.22
CLASS 6
134.89
96.53
360.04
198.56
93.19
38.04
27.55
16.48
7.44
1.00
52.20
CEDAR
CLASS 4
231.60
188.08
127.93
74.13
86.05
116.58
87.17
52.47
25.25
10.33
1.00
88.85
CLASS 5
228.58
185.06
124.91
71.11
83.03
113.56
84.15
49.45
22.23
7.31
1.00
85.83
CLASS 6
225.56
182.04
121.89
68.09
80.01
110.54
81.13
46.43
19.21
4.29
1.00
82.81
HEMLOCK
CLASS 4
110.98
84.10
42.76
28.88
26.07
22.25
21.77
18.19
28.12
CLASS 5
107.96
81.08
39.74
25.86
23.05
19.23
18.75
15.17
25.10
CLASS 6
104.94
78.06
36.72
22.84
20.03
16.21
15.73
12.15
22.08
SPRUCE
CLASS 4
346.33
299.81
223.08
192.96
109.69
39.35
28.14
22.53
20.57
15.31
68.64
CLASS 5
343.31
296.79
220.06
189.94
106.67
36.33
25.12
19.51
17.55
12.29
65.62
CLASS 6
340.29
293.77
217.04
186.92
103.65
33.31
22.10
16.49
14.53
9.27
62.60
BALSAM
CLASS 4
110.98
84.10
42.76
28.88
26.07
22.25
21.77
18.19
28.12
CLASS 5
107.96
81.08
39.74
25.86
23.05
19.23
18.75
15.17
25.10
CLASS 6
104.94
78.06
36.72
22.84
20.03
16.21
15.73
12.15
22.08
CYPRESS
CLASS 4
366.08
234.19
128.09
80.60
64.38
30.49
39.75
1.00
73.53
CLASS 5
363.06
231.17
125.07
77.58
61.36
27.47
36.73
1.00
70.51
CLASS 6
360.04
228.15
122.05
74.56
58.34
24.45
33.71
1.00
67.49
PINE
CLASS 4
28.90
56.17
44.27
30.03
29.68
16.63
10.60
2.23
26.02
CLASS 5
25.88
53.15
41.25
27.01
26.66
13.61
7.58
1.00
23.00
CLASS 6
22.86
50.13
38.23
23.99
23.64
10.59
4.56
1.00
19.98
DECIDUOUS
CLASS 4
25.16
32.63
CLASS 5
22.14
29.61
CLASS 6
19.12
26.59
OTHER SPECIES
CLASS 4
110.98
84.10
42.76
28.88
26.07
22.25
21.77
18.19
28.12
CLASS 5
107.96
81.08
39.74
25.86
23.05
19.23
18.75
15.17
25.10
CLASS 6
104.94
78.06
36.72
22.84
20.03
16.21
15.73
12.15
22.08
CHRISTMAS TREES ($/TREE)
CLASS 4
2.50
2.50
CLASS 5
2.25
2.25
CLASS 6
2.00
2.00
