"Point in Time" Regulation Content
Assessment Act
Managed Forest Land and Cut Timber Values Regulation
B.C. Reg. 90/2000
SPECIES
ACCESSIBILITY
2014 VALUE of CUT TIMBER in $ PER CUBIC METRE ($/m
3
)
VALUATION AREA
SKEENA (5)
PRINCE GEORGE (6)
FT. NELSON/PEACE (7)
CARIBOO (8)
SOUTHERN INTERIOR (9)
Grade Code:
Grade Code:
Grade Code:
Grade Code:
Grade Code:
Sawlog
4
6
Sawlog
4
6
Sawlog
4
6
Sawlog
4
6
Sawlog
4
6
FIR
CLASS 4
11.88
5.94
1.00
9.24
4.62
1.00
12.72
6.36
1.00
CLASS 5
8.87
4.44
1.00
6.24
3.12
1.00
9.71
4.86
1.00
CLASS 6
5.65
2.82
1.00
3.02
1.51
1.00
6.49
3.24
1.00
CEDAR
CLASS 4
78.17
39.08
1.00
57.68
28.84
1.00
61.01
30.51
1.00
76.12
38.06
1.00
CLASS 5
75.16
37.58
1.00
54.67
27.34
1.00
58.00
29.00
1.00
73.12
36.56
1.00
CLASS 6
71.94
35.97
1.00
51.45
25.73
1.00
54.78
27.39
1.00
69.89
34.95
1.00
HEMLOCK
CLASS 4
7.66
3.83
1.00
1.00
1.00
1.00
1.00
1.00
1.00
1.00
1.00
1.00
CLASS 5
4.65
2.33
1.00
1.00
1.00
1.00
1.00
1.00
1.00
1.00
1.00
1.00
CLASS 6
1.43
0.72
1.00
1.00
1.00
1.00
1.00
1.00
1.00
1.00
1.00
1.00
SPRUCE
CLASS 4
33.37
16.68
1.00
28.89
14.44
1.00
28.71
14.36
1.00
29.43
14.71
1.00
48.31
24.15
1.00
CLASS 5
30.36
15.18
1.00
25.88
12.94
1.00
25.71
12.85
1.00
26.42
13.21
1.00
45.30
22.65
1.00
CLASS 6
27.14
13.57
1.00
22.66
11.33
1.00
22.48
11.24
1.00
23.20
11.60
1.00
42.08
21.04
1.00
BALSAM
CLASS 4
26.92
13.46
1.00
18.40
9.20
1.00
18.57
9.28
1.00
17.22
8.61
1.00
33.50
16.75
1.00
CLASS 5
23.91
11.96
1.00
15.40
7.70
1.00
15.56
7.78
1.00
14.21
7.11
1.00
30.49
15.24
1.00
CLASS 6
20.69
10.34
1.00
12.18
6.09
1.00
12.34
6.17
1.00
10.99
5.49
1.00
27.27
13.63
1.00
WHITE PINE
CLASS 4
1.00
1.00
1.00
1.00
1.00
1.00
11.35
5.68
1.00
CLASS 5
1.00
1.00
1.00
1.00
1.00
1.00
8.35
4.17
1.00
CLASS 6
1.00
1.00
1.00
1.00
1.00
1.00
5.12
2.56
1.00
LODGEPOLE PINE
CLASS 4
30.15
15.07
1.00
20.56
10.28
1.00
28.21
14.10
1.00
19.16
9.58
1.00
35.62
17.81
1.00
CLASS 5
27.14
13.57
1.00
17.55
8.78
1.00
25.20
12.60
1.00
16.15
8.08
1.00
32.62
16.31
1.00
CLASS 6
23.92
11.96
1.00
14.33
7.16
1.00
21.98
10.99
1.00
12.93
6.46
1.00
29.39
14.70
1.00
YELLOW PINE
CLASS 4
2.67
1.34
1.00
16.79
8.39
1.00
CLASS 5
1.00
1.00
1.00
13.78
6.89
1.00
CLASS 6
1.00
1.00
1.00
10.56
5.28
1.00
LARCH
CLASS 4
5.69
2.85
1.00
1.81
0.91
1.00
11.16
5.58
1.00
CLASS 5
2.69
1.34
1.00
1.00
1.00
1.00
8.15
4.08
1.00
CLASS 6
1.00
1.00
1.00
1.00
1.00
1.00
4.93
2.46
1.00
DECIDUOUS
CLASS 4
10.00
5.00
1.00
10.00
5.00
1.00
10.00
5.00
1.00
10.00
5.00
1.00
10.00
5.00
1.00
CLASS 5
7.50
3.75
1.00
7.50
3.75
1.00
7.50
3.75
1.00
7.50
3.75
1.00
7.50
3.75
1.00
CLASS 6
5.00
2.50
1.00
5.00
2.50
1.00
5.00
2.50
1.00
5.00
2.50
1.00
5.00
2.50
1.00
OTHER SPECIES
CLASS 4
7.66
3.83
1.00
1.00
1.00
1.00
1.00
1.00
1.00
1.00
1.00
1.00
CLASS 5
4.65
2.33
1.00
1.00
1.00
1.00
1.00
1.00
1.00
1.00
1.00
1.00
CLASS 6
1.43
0.72
1.00
1.00
1.00
1.00
1.00
1.00
1.00
1.00
1.00
1.00
CHRISTMAS TREES ($/TREE)
CLASS 4
2.50
2.50
2.50
2.50
2.50
CLASS 5
2.25
2.25
2.25
2.25
2.25
CLASS 6
2.00
2.00
2.00
2.00
2.00
