Mountain Caribou Partnership General Remission Regulation (No. 2)
Financial Administration Act
Table 3
Item
Mineral
claim
1
410824
2
410825
3
851942
4
851948
5
851952
6
851958
7
941760
8
941761
9
941762
10
941763
11
941764
12
941769
13
955278
14
956829
15
1015556
16
1015557
17
1015558
18
1015626
19
1015627
Item
Mineral
claim
20
1018104
21
1018106
22
1018107
23
1018108
24
1018109
25
1024783
26
1024803
27
1024805
28
1024806
29
1027037
30
1029417
31
1029489
32
1030777
33
1057458
34
1057464
35
1057465
36
1057468
37
1057486
38
1057613
Item
Mineral
claim
39
1057614
40
1057615
41
1057616
42
1057617
43
1057618
44
1057619
45
1057620
46
1058612
47
1058613
48
1058614
49
1058615
50
1058866
51
1059974
52
1059975
53
1059977
54
1060076
55
1060836
56
1061754
57
1061755
Item
Mineral
claim
58
1061756
59
1061764
60
1062110
61
1062111
62
1062129
63
1062130
64
1062131
65
1062215
66
1062748
67
1064285
68
1067454
69
1067469
70
1067526
71
1068696
72
1071130
73
1071987
74
1071990
75
1071994
