Mountain Caribou Partnership General Remission Regulation (No. 2)
Financial Administration Act
Item
Coal
licence
66
410367
67
410368
68
410369
69
410370
70
410371
71
413871
72
413872
73
413873
74
413875
75
413876
76
413996
77
416825
78
416840
79
416841
80
416842
81
416848
82
416921
83
416923
84
416924
85
416925
86
416926
87
416927
88
416928
89
416929
90
416931
91
416932
92
416933
93
416934
94
416937
95
416938
96
416939
97
416940
98
416941
99
416946
100
416947
101
416948
102
416949
103
416950
104
416951
105
416952
106
416955
107
416956
108
416957
109
416958
110
416959
111
416960
112
416961
113
416962
114
416963
115
416964
116
416965
117
416967
118
416968
119
416969
120
416970
121
416971
122
416972
123
416973
124
416974
125
416975
126
416976
127
416977
128
416978
129
416986
130
416994
