Mountain Caribou Partnership General Remission Regulation
Financial Administration Act
Item
Coal licence
Item
Coal licence
Item
Coal licence
Item
Coal licence
1
327215
37
379600
73
410366
109
416947
2
327280
38
391078
74
410367
110
416948
3
327282
39
391079
75
410368
111
416949
4
327284
40
391080
76
410369
112
416950
5
327285
41
391081
77
410370
113
416951
6
327288
42
394080
78
410371
114
416952
7
327309
43
394086
79
413871
115
416955
8
327320
44
394087
80
413872
116
416956
9
327359
45
394088
81
413873
117
416957
10
327380
46
394089
82
413875
118
416958
11
327383
47
394090
83
413876
119
416959
12
327390
48
394091
84
413996
120
416960
13
327402
49
394092
85
416825
121
416961
14
327407
50
394093
86
416840
122
416962
15
327436
51
394104
87
416841
123
416963
16
327437
52
401629
88
416842
124
416964
17
327449
53
401630
89
416848
125
416965
18
327450
54
405140
90
416921
126
416967
19
327452
55
405144
91
416923
127
416968
20
327501
56
405841
92
416924
128
416969
21
327514
57
409344
93
416925
129
416970
22
327518
58
409348
94
416926
130
416971
23
327521
59
409350
95
416927
131
416972
24
327527
60
409351
96
416928
132
416973
25
327530
61
409352
97
416929
133
416974
26
327601
62
409667
98
416931
134
416975
27
327655
63
409669
99
416932
135
416976
28
327724
64
409670
100
416933
136
416977
29
327726
65
409671
101
416934
137
416978
30
343892
66
409672
102
416937
138
416986
31
347215
67
409673
103
416938
139
416994
32
347217
68
409698
104
416939
140
416995
33
379582
69
409699
105
416940
141
416996
34
379584
70
409700
106
416941
142
416997
35
379597
71
409701
107
416945
143
416998
36
379598
72
409702
108
416946
144
416999
