

Blueberry River First Nations Implementation Agreement Regulation


Oil and Gas Activities Act



Item

Column 1
Application number



1
100114722


2
100113954


3
100114719


4
100114141


5
100114222


6
100113427


7
100114296


8
100113904


9
100114930


10
100113807


11
100113649


12
100113606


13
100113503


14
100113612


15
100113771


16
100112448


17
100115298


18
100110722


19
100116378


20
100113799


21
100116224


22
100112994


23
100114426


24
100114530


25
100115268


26
100115025


27
100115479


28
100116500


29
100114533


30
100113796


31
100112710


32
100114297


33
100113943


34
100114058


35
100114790


36
100115478


37
100111530


38
100111434


39
100111534


40
100111537


41
100111984


42
100110684


43
100115129


44
100113450


45
100113477


46
100113517


47
100113520


48
100114428


49
100113284


50
100114589


51
100114591


52
100115058


53
100108618


54
100113287


55
100114117


56
100113487


57
100109569


58
100115252


59
100113849


60
100114354


61
100114355


62
100115382


63
100112903


64
100114473


65
100114529


66
100114076


67
100114213


68
100114051


69
100113766


70
100114596


71
100115251


72
100114436


73
100115465


74
100114301


75
100115294


76
100115567


77
100115735


78
100113576


79
100113917


80
100114302


81
100113928


82
100112367


83
100114168


84
100113618


85
100113130


86
100115512


87
100114189


88
100112587


89
100113457


90
100115362


91
100113573


92
100113620


93
100115641


94
100113915


95
100114027


96
100113822


97
100114926


98
100115100


99
100112693


100
100112784


101
100116113


102
100116117


103
100113860


104
100115805


105
100116174


106
100116175


107
100116192


108
100116277


109
100116441


110
100116494


111
100114300


112
100113507


113
100113843


114
100114402


115
100114282


116
100113068


117
100113597


118
100112671


119
100115373


120
100113227


121
100113241


122
100114268


123
100114630


124
100113219


125
100115270


126
100115780


127
100116761


128
100115447

