

Commercial Recreation Tenure (COVID-19 Emergency)
Relief Regulation


Financial Administration Act





Land Act
Tenure





Land Act
Tenure





Land Act
Tenure





Land Act
Tenure





Land Act
Tenure





Land Act
Tenure






4403377

4404201

4405686

5400315

5406433

6401916


4403382
4404203
4405687
5400577
5406548
6401937


4403386
4404208
4405704
5401563
5406682
6401951


4403389
4404240
4405712
5402112
5406691
6401965


4403398
4404258
4405764
5402205
5406750
6402047


4403467
4404290
4405776
5402866
5406796
6402100


4403484
4404298
4405798
5402930
5406852
6402212


4403492
4404357
4405817
5402935
5406904
6402362


4403510
4404393
4405885
5403191
5406909
6402401


4403511
4404396
4405953
5403341
5406923
6402518


4403516
4404504
4405998
5403358
5406924
6402554


4403517
4404533
4406000
5404070
5406956
6402599


4403520
4404535
4406009
5404263
5406975
6402685


4403523
4404573
4410686
5404391
5407001
6402693


4403537
4404717
4410699
5404737
5407068
6402742


4403546
4404792
4420014
5404880
5407180
6403084


4403730
4404869
4420113
5404937
5407308
6403268


4403841
4404881
4490082
5405053
5407320
6403546


4403842
4404894
4490113
5405198
5407471
6403551


4403885
4404911
4490128
5405202
5407645
6403556


4403893
4404933
4490193
5405207
5407694
6403590


4403949
4404972
4490199
5405243
5407700
6403854


4404039
4405048
4490229
5405907
5407779
6404152


4404042
4405067
4492084
5405909
5407787
6404280


4404049
4405235
4492085
5405914
5407812
6404512


4404057
4405287
4492087
5406074
5407829
6406017


4404063
4405291
4492090
5406111
5407838
6406136


4404118
4405329
4492098
5406148
5407839
6406172


4404138
4405387
4492139
5406168
5407884
6406416


4404156
4405444
4492285
5406201
6400286
6406510


4404175
4405456
4492307
5406210
6400298
6406547


4404181
4405462
4496099
5406211
6400764
6406604


4404184
4405500
4496100
5406274
6400857
6406730


4404186
4405570
4496107
5406290
6401071
6406946


4404188
4405610
4496112
5406307
6401116
6406985


4404189
4405632
4496113
5406317
6401124
6407360


4404191
4405658
4496153
5406325
6401134
6407480


4404193
4405671
4496218
5406373
6401326
6407496


4404196
4405672
4496273
5406390
6401686
6407503

