

Commercial Recreation Tenure (COVID-19 Emergency)
Relief Regulation


Financial Administration Act




Park Use Permit



Park Use Permit



Park Use Permit



Park Use Permit



Park Use Permit



Park Use Permit





105037

106271

107086

107978

108749

109250


105063
106275
107134
108022
108754
109264


105157
106289
107143
108061
108766
109313


105182
106307
107151
108079
108769
109325


105268
106319
107186
108089
108771
109334


105274
106348
107203
108104
108782
109337


105288
106398
107221
108166
108787
109341


105306
106399
107225
108167
108790
109384


105316
106404
107255
108170
108793
109397


105338
106428
107333
108185
108813
109409


105351
106441
107335
108203
108817
109422


105428
106463
107339
108212
108818
109482


105451
106484
107402
108213
108863
109552


105456
106524
107482
108242
108890
109575


105498
106527
107492
108271
108926
109683


105511
106570
107501
108273
108928
109726


105525
106572
107511
108276
108945
109732


105584
106583
107514
108279
108951
109756


105623
106585
107540
108283
108959
109761


105660
106602
107597
108285
108976
109794


105732
106628
107651
108286
108992
109817


105857
106634
107652
108289
108993
109821


105874
106740
107653
108304
108995
109834


105905
106762
107654
108339
109008
109842


105938
106780
107657
108364
109018
109847


105956
106857
107662
108409
109024
109860


105967
106876
107677
108439
109060
109869


105969
106957
107692
108483
109122
109893


105972
106962
107704
108659
109159
109898


105989
106964
107709
108669
109169
109906


105997
106975
107758
108679
109193
109995


106013
106999
107760
108680
109196
110011


106123
107019
107778
108682
109231
110146


106140
107039
107891
108692
109238
110159


106206
107052
107922
108696
109240
110223


106237
107057
107963
108709
109241


