
Mountain Caribou Partnership General Remission Regulation

Financial Administration Act



Item

Coal licence


Item

Coal licence


Item

Coal licence


Item

Coal licence





145
417000

176
417115

207
417170

238
417533


146
417015
177
417116
208
417171
239
417535


147
417030
178
417117
209
417263
240
417536


148
417031
179
417118
210
417264
241
417558


149
417032
180
417119
211
417265
242
417559


150
417035
181
417120
212
417266
243
417567


151
417036
182
417121
213
417267
244
417610


152
417037
183
417122
214
417268
245
417612


153
417038
184
417123
215
417269
246
417613


154
417039
185
417124
216
417270
247
417614


155
417040
186
417133
217
417271
248
417616


156
417041
187
417134
218
417272
249
417760


157
417042
188
417135
219
417278
250
417761


158
417043
189
417136
220
417404
251
417762


159
417044
190
417137
221
417405
252
417767


160
417069
191
417138
222
417406
253
417770


161
417070
192
417139
223
417407
254
417771


162
417071
193
417140
224
417410
255
418168


163
417072
194
417145
225
417459
256
418537


164
417073
195
417147
226
417460
257
418570


165
417104
196
417148
227
417461
258
418571


166
417105
197
417151
228
417462
259
418572


167
417106
198
417152
229
417463
260
418611


168
417107
199
417162
230
417464
261
418734


169
417108
200
417163
231
417467
262
418735


170
417109
201
417164
232
417496
263
418740


171
417110
202
417165
233
417497
264
418741


172
417111
203
417166
234
417524
265
418742


173
417112
204
417167
235
417530
266
418911


174
417113
205
417168
236
417531



175
417114
206
417169
237
417532


