

Mountain Caribou Partnership General Remission Regulation (No. 2)


Financial Administration Act



Item

Coal

licence



196
417168


197
417169


198
417170


199
417171


200
417263


201
417264


202
417265


203
417266


204
417267


205
417268


206
417269


207
417270


208
417271


209
417272


210
417278


211
417312


212
417404


213
417405


214
417406


215
417407


216
417410


217
417459


218
417460


219
417461


220
417462


221
417463


222
417464


223
417467


224
417496


225
417497


226
417524


227
417530


228
417531


229
417532


230
417533


231
417535


232
417536


233
417558


234
417559


235
417567


236
417610


237
417612


238
417613


239
417614


240
417616


241
417760


242
417761


243
417762


244
417767


245
417770


246
417771


247
418168


248
418174


249
418537


250
418570


251
418571


252
418572


253
418611


254
418734


255
418735


256
418740


257
418741


258
418742


259
418911

