
Mountain Caribou Partnership General Remission Regulation

Financial Administration Act



Item

Mineral claim


Item

Mineral claim


Item

Mineral claim


Item

Mineral claim





1
410824

22
1018107

43
1057617

64
1061756


2
410825
23
1018108
44
1057618
65
1061764


3
851942
24
1018109
45
1057619
66
1062110


4
851948
25
1024783
46
1057620
67
1062111


5
851952
26
1024803
47
1058612
68
1062129


6
851958
27
1024805
48
1058613
69
1062130


7
941760
28
1024806
49
1058614
70
1062131


8
941761
29
1027037
50
1058615
71
1062215


9
941762
30
1029417
51
1058866
72
1062748


10
941763
31
1029489
52
1059136
73
1064054


11
941764
32
1030777
53
1059137
74
1064285


12
941769
33
1057458
54
1059150
75
1067454


13
955278
34
1057464
55
1059152
76
1067456


14
956829
35
1057465
56
1059974
77
1067469


15
1015556
36
1057468
57
1059975
78
1067526


16
1015557
37
1057469
58
1059977
79
1068696


17
1015558
38
1057486
59
1060076
80
1071130


18
1015626
39
1057613
60
1060836
81
1071987


19
1015627
40
1057614
61
1060837
82
1071990


20
1018104
41
1057615
62
1061754
83
1071994


21
1018106
42
1057616
63
1061755


