
Pension Benefits Standards Regulation

Pension Benefits Standards Act




Item


Column 1


Prescribed Provision

(Act)



Column 2

Administrative Penalty ($)






Corporation or Administrator


Individual other than administrator





1
12 (1)
250 000
50 000


2
15
250 000
50 000


3
17
250 000
50 000


4
19
125 000
25 000


5
20 (2) (b)
250 000
50 000


6
25
50 000
10 000


7
34
50 000
10 000


8
35
250 000
50 000


9
36 (1)
50 000
10 000


10
36 (2)
50 000
10 000


11
38 (2)
50 000
10 000


12
38 (3)
50 000
10 000


13
39
125 000
25 000


14
40
125 000
25 000


15
41 (1)
50 000
10 000


16
41 (2)
50 000
10 000


17
42 (1)
50 000
10 000


18
42 (2)
50 000
10 000


19
43 (1)
50 000
10 000


20
43 (2)
125 000
25 000


21
43 (3)
50 000
10 000


22
44
50 000
10 000


23
45 (1)
250 000
50 000


24
45 (2)
250 000
50 000


25
46 (1)
125 000
25 000


26
46 (3)
125 000
25 000


27
48
50 000
10 000


28
51
125 000
25 000


29
53
125 000
25 000


30
54 (3)
125 000
25 000


31
54 (4)
125 000
25 000


32
54 (5)
125 000
25 000


33
55 (1)
125 000
25 000


34
55 (3)
125 000
25 000


35
56 (2)
125 000
25 000


36
56 (3)
50 000
10 000


37
56 (5)
50 000
10 000


38
60 (1)
250 000
50 000


39
60 (2)
250 000
50 000


40
61
250 000
50 000


41
62 (1)
125 000
25 000


42
72 (3)
125 000
25 000


43
79 (1)
250 000
50 000


44
79 (2)
250 000
50 000


45
79 (4)
250 000
50 000


46
80 (3)
250 000
50 000


47
88 (1)
250 000
50 000


48
88 (2)
250 000
50 000


49
88 (3)
250 000
50 000


50
89.1 (2)
250 000
50 000


51
97 (2)
50 000
10 000


52
100
250 000
50 000


53
101 (a)
250 000
50 000


54
104 (1)
250 000
50 000


55
104 (4)
250 000
50 000


56
104 (5)
250 000
50 000


57
108 (4)
50 000
10 000


58
110 (11)
125 000
25 000


59
114 (9)
50 000
10 000


60
115 (4)
50 000
10 000


61
115 (6)
50 000
10 000


62
115 (9)
50 000
10 000

