
Property Transfer Tax Regulation

Property Transfer Tax Act





AGE OF

TRANSFEREE




MALE LIFE

EXPECTANCY




FEMALE LIFE

EXPECTANCY





AGE OF

TRANSFEREE




MALE LIFE

EXPECTANCY




FEMALE LIFE

EXPECTANCY




0
71.88
78.98
52
24.14
29.68


1
71.67
78.65
53
23.33
28.80


2
70.73
77.70
54
22.52
27.93


3
69.77
76.74
55
21.73
27.06


4
68.80
75.77
56
20.95
26.20


5
67.84
74.79
57
20.18
25.35


6
66.86
73.81
58
19.43
24.51


7
65.88
72.83
59
18.69
23.68


8
64.90
71.84
60
17.96
22.85


9
63.91
70.86
61
17.25
22.03


10
62.92
69.87
62
16.56
21.22


11
61.94
68.88
63
15.88
20.42


12
60.95
67.90
64
15.21
19.63


13
59.97
66.91
65
14.57
18.85


14
59.00
65.93
66
13.93
18.09


15
58.04
64.95
67
13.32
17.33


16
57.10
63.97
68
12.72
16.59


17
56.16
63.00
69
12.14
15.86


18
55.23
62.02
70
11.58
15.14


19
54.31
62.05
71
11.03
14.44


20
53.39
60.08
72
10.49
13.75


21
52.47
59.11
73
9.98
13.08


22
51.55
58.14
74
9.48
12.42


23
50.63
57.16
75
9.00
11.78


24
49.71
56.19
76
8.53
11.15


25
48.78
55.22
77
8.09
10.54


26
47.86
54.25
78
7.66
9.95


27
46.92
53.27
79
7.25
9.39


28
45.99
52.30
80
6.85
8.84


29
45.05
51.33
81
6.48
8.32


30
44.11
50.36
82
6.12
7.82


31
43.17
49.39
83
5.78
7.34


32
42.22
48.42
84
5.45
6.88


33
41.28
47.45
85
5.14
6.45


34
40.34
46.48
86
4.85
6.04


35
39.39
45.51
87
4.57
5.65


36
38.45
44.55
88
4.30
5.28


37
37.52
43.59
89
4.05
4.93


38
36.58
42.63
90
3.82
4.60


39
35.65
41.68
91
3.59
4.29


40
34.72
40.73
92
3.38
3.99


41
33.80
39.78
93
3.19
3.71


42
32.88
38.84
94
2.96
3.39


43
31.97
37.90
95
2.65
2.99


44
31.06
36.97
96
2.27
2.51


45
30.16
36.04
97
1.84
1.99


46
29.27
35.11
98
1.41
1.50


47
28.39
34.19
99
1.05
1.10


48
27.52
33.28
100
0.79
0.81


49
26.66
32.37
101
0.60
0.61


50
25.81
31.47
102 or older
0.50
0.50


51
24.97
30.57




