

Commercial Recreation Tenure (COVID-19 Emergency)
Relief Regulation


Financial Administration Act




Park Use Permit



Park Use Permit



Park Use Permit



Park Use Permit



Park Use Permit



Park Use Permit





101810

102136

102465

102713

103060

103589


101822
102179
102474
102717
103067
103592


101842
102182
102480
102722
103089
103600


101850
102184
102482
102736
103090
103637


101851
102196
102484
102741
103104
103644


101863
102208
102494
102744
103111
103681


101882
102209
102499
102768
103112
103693


101897
102245
102507
102772
103117
103702


101930
102249
102510
102774
103124
103728


101936
102252
102517
102776
103146
103774


101948
102253
102518
102777
103181
103775


101960
102254
102522
102780
103207
103818


101969
102256
102529
102787
103213
103837


101971
102264
102533
102808
103215
103846


101972
102266
102542
102809
103219
103903


101977
102277
102546
102817
103222
103911


101980
102280
102552
102829
103223
103920


101996
102287
102557
102831
103239
104037


101999
102291
102569
102834
103283
104046


102002
102295
102573
102852
103285
104053


102006
102296
102575
102858
103289
104062


102018
102298
102585
102895
103291
104066


102030
102299
102593
102901
103304
104103


102038
102300
102597
102911
103340
104119


102039
102313
102598
102926
103346
104147


102043
102320
102604
102935
103367
104168


102051
102323
102606
102943
103378
104221


102068
102333
102608
102962
103392
104395


102069
102345
102615
102967
103403
104449


102071
102352
102617
102976
103407
104462


102073
102359
102619
102978
103414
104731


102076
102360
102637
102992
103422
104771


102086
102399
102639
103009
103437
104774


102089
102426
102649
103017
103438
104816


102102
102432
102679
103030
103463
104820


102111
102445
102689
103042
103474
104877


102113
102446
102690
103051
103484
104886


102126
102464
102695
103054
103527
104887

