
Drug Plans Regulation

Pharmaceutical Services Act




Item



Column 1


Family Net Income ($)


(of registrant and spouse, if any)



Column 2


Family

Deductible ($)


(minister makes

no payment until

family unit pays

this amount)



Column 3


Maximum Family

Co-payment ($)


(after deductible is

paid, minister pays

75% until family

unit pays this

amount)





1
0.00 — 3 000.00
0.00
0.00


2
3 000.01 — 5 000.00
0.00
0.00


3
5 000.01 — 7 000.00
0.00
0.00


4
7 000.01 — 10 000.00
0.00
0.00


5
10 000.01 — 14 000.00
0.00
0.00


6
14 000.01 — 18 000.00
0.00
200.00


7
18 000.01 — 22 000.00
0.00
250.00


8
22 000.01 — 26 000.00
0.00
300.00


9
26 000.01 — 30 000.00
0.00
350.00


10
30 000.01 — 33 000.00
0.00
400.00


11
33 000.01 — 37 500.00
350.00
350.00


12
37 500.01 — 42 500.00
400.00
400.00


13
42 500.01 — 47 500.00
450.00
450.00


14
47 500.01 — 50 000.00
500.00
500.00


15
50 000.01 — 52 500.00
1 000.00
500.00


16
52 500.01 — 57 500.00
1 100.00
550.00


17
57 500.01 — 62 500.00
1 200.00
600.00


18
62 500.01 — 67 500.00
1 300.00
650.00


19
67 500.01 — 72 500.00
1 400.00
700.00


20
72 500.01 — 77 500.00
1 500.00
750.00


21
77 500.01 — 82 500.00
1 600.00
800.00


22
82 500.01 — 87 500.00
1 700.00
850.00


23
87 500.01 — 92 500.00
1 800.00
900.00


24
92 500.01 — 97 500.00
1 900.00
950.00


25
97 500.01 — 106 250.00
2 000.00
1 000.00


26
106 250.01 — 118 750.00
2 250.00
1 125.00


27
118 750.01 — 131 250.00
2 500.00
1 250.00


28
131 250.01 — 143 750.00
2 750.00
1 375.00


29
143 750.01 — 162 500.00
3 000.00
1 500.00


30
162 500.01 — 187 500.00
3 500.00
1 750.00


31
187 500.01 — 212 500.00
4 000.00
2 000.00


32
212 500.01 — 237 500.00
4 500.00
2 250.00


33
237 500.01 — 275 000.00
5 000.00
2 500.00


34
275 000.01 — 325 000.00
6 000.00
3 000.00


35
325 000.01 — 375 000.00
7 000.00
3 000.00


36
375 000.01 — 425 000.00
8 000.00
2 000.00


37
425 000.01 — 475 000.00
9 000.00
1 000.00


38
475 000.01 — 999 999 999.00
10 000.00
0.00

