
Energy Efficiency Standards Regulation

Energy Efficiency Act





Motor Efficiency (%)





Column 1

Rated Power




Column 2

Open Motors Number of Poles




Column 3

Enclosed Motors Number of Poles





(hp)


(kW)


2


4


6


8


2


4


6


8





1
0.75
75.5
82.5
80.0
74.0
75.5
82.5
80.0
74.0


1.5
1.1
82.5
84.0
84.0
75.5
82.5
84.0
85.5
77.0


2
1.5
84.0
84.0
85.5
85.5
84.0
84.0
86.5
82.5


3
2.2
84.0
86.5
86.5
86.5
85.5
87.5
87.5
84.0


-
3.0
84.0
86.5
86.5
86.5
85.5
87.5
87.5
84.0


5
3.7
85.5
87.5
87.5
87.5
87.5
87.5
87.5
85.5


-
4.0
85.5
87.5
87.5
87.5
87.5
87.5
87.5
85.5


7.5
5.5
87.5
88.5
88.5
88.5
88.5
89.5
89.5
85.5


10
7.5
88.5
89.5
90.2
89.5
89.5
89.5
89.5
88.5


15
11
89.5
91.0
90.2
89.5
90.2
91.0
90.2
88.5


20
15
90.2
91.0
91.0
90.2
90.2
91.0
90.2
89.5


25
19
91.0
91.7
91.7
90.2
91.0
92.4
91.7
89.5


30
22
91.0
92.4
92.4
91.0
91.0
92.4
91.7
91.0


40
30
91.7
93.0
93.0
91.0
91.7
93.0
93.0
91.0


50
37
92.4
93.0
93.0
91.7
92.4
93.0
93.0
91.7


60
45
93.0
93.6
93.6
92.4
93.0
93.6
93.6
91.7


75
55
93.0
94.1
93.6
93.6
93.0
94.1
93.6
93.0


100
75
93.0
94.1
94.1
93.6
93.6
94.5
94.1
93.0


125
90
93.6
94.5
94.1
93.6
94.5
94.5
94.1
93.6


150
110
93.6
95.0
94.5
93.6
94.5
95.0
95.0
93.6


-
132
94.5
95.0
94.5
93.6
95.0
95.0
95.0
94.1


200
150
94.5
95.0
94.5
93.6
95.0
95.0
95.0
94.1


250
185
94.5
95.4
95.4
94.5
95.4
95.0
95.0
94.5


300
225
95.0
95.4
95.4
-
95.4
95.4
95.0
-


350
260
95.0
95.4
95.4
-
95.4
95.4
95.0
-


400
300
95.4
95.4
-
-
95.4
95.4
-
-


450
335
95.8
95.8
-
-
95.4
95.4
-
-


500
375
95.8
95.8
-
-
95.4
95.8
-
-

